MMSI,BaseDateTime,LAT,LON,SOG,COG,Heading,VesselName,IMO,CallSign,VesselType
367785220,2020-01-01T00:02:11,48.12447,-123.45082,0.0,6.1,511.0,ARCTIC TERN,,WDJ5188,37.0
367785220,2020-01-01T00:05:10,48.12445,-123.45081,0.0,6.1,511.0,ARCTIC TERN,,WDJ5188,37.0
367785220,2020-01-01T00:08:10,48.12442,-123.45082,0.0,6.1,511.0,ARCTIC TERN,,WDJ5188,37.0
367785220,2020-01-01T00:11:10,48.12447,-123.45084,0.0,6.1,511.0,ARCTIC TERN,,WDJ5188,37.0
367785220,2020-01-01T00:14:10,48.1244,-123.45084,0.0,6.1,511.0,ARCTIC TERN,,WDJ5188,37.0
367785220,2020-01-01T00:17:09,48.12442,-123.45081,0.0,6.1,511.0,ARCTIC TERN,,WDJ5188,37.0
367785220,2020-01-01T00:20:15,48.12443,-123.45085,0.0,132.3,511.0,ARCTIC TERN,,WDJ5188,37.0
367785220,2020-01-01T00:23:10,48.12441,-123.45082,0.0,132.3,511.0,ARCTIC TERN,,WDJ5188,37.0
367785220,2020-01-01T00:26:10,48.12438,-123.45077,0.0,132.3,511.0,ARCTIC TERN,,WDJ5188,37.0
367785220,2020-01-01T00:29:12,48.12437,-123.45081,0.0,132.3,511.0,ARCTIC TERN,,WDJ5188,37.0
367785220,2020-01-01T00:32:10,48.12436,-123.4508,0.0,147.7,511.0,ARCTIC TERN,,WDJ5188,37.0
367785220,2020-01-01T00:35:10,48.12439,-123.4508,0.0,147.7,511.0,ARCTIC TERN,,WDJ5188,37.0
367785220,2020-01-01T00:38:11,48.12441,-123.45082,0.0,147.7,511.0,ARCTIC TERN,,WDJ5188,37.0
367785220,2020-01-01T00:41:11,48.12441,-123.4508,0.0,147.7,511.0,ARCTIC TERN,,WDJ5188,37.0
367785220,2020-01-01T00:44:11,48.12443,-123.45083,0.0,147.7,511.0,ARCTIC TERN,,WDJ5188,37.0
367785220,2020-01-01T00:47:11,48.12444,-123.45084,0.0,147.7,511.0,ARCTIC TERN,,WDJ5188,37.0
367785220,2020-01-01T00:50:11,48.12442,-123.45085,0.0,147.7,511.0,ARCTIC TERN,,WDJ5188,37.0
367785220,2020-01-01T00:53:12,48.1244,-123.4508,0.0,147.7,511.0,ARCTIC TERN,,WDJ5188,37.0
367785220,2020-01-01T00:56:10,48.12441,-123.45075,0.1,147.7,511.0,ARCTIC TERN,,WDJ5188,37.0
367785220,2020-01-01T00:59:10,48.12444,-123.45081,0.0,147.7,511.0,ARCTIC TERN,,WDJ5188,37.0
367785220,2020-01-01T01:02:11,48.12444,-123.45081,0.1,147.7,511.0,ARCTIC TERN,,WDJ5188,37.0
367785220,2020-01-01T01:05:10,48.12447,-123.45086,0.2,147.7,511.0,ARCTIC TERN,,WDJ5188,37.0
367785220,2020-01-01T01:08:10,48.12447,-123.45078,0.0,147.7,511.0,ARCTIC TERN,,WDJ5188,37.0
367785220,2020-01-01T01:11:11,48.12444,-123.45079,0.0,154.9,511.0,ARCTIC TERN,,WDJ5188,37.0
367785220,2020-01-01T01:14:10,48.12445,-123.45081,0.1,136.7,511.0,ARCTIC TERN,,WDJ5188,37.0
367785220,2020-01-01T01:17:09,48.12442,-123.4508,0.0,136.7,511.0,ARCTIC TERN,,WDJ5188,37.0
367785220,2020-01-01T01:20:10,48.12443,-123.45077,0.0,136.7,511.0,ARCTIC TERN,,WDJ5188,37.0
367785220,2020-01-01T01:23:11,48.12445,-123.45079,0.0,136.7,511.0,ARCTIC TERN,,WDJ5188,37.0
367785220,2020-01-01T01:26:10,48.12443,-123.45079,0.1,136.7,511.0,ARCTIC TERN,,WDJ5188,37.0
367785220,2020-01-01T01:29:09,48.12443,-123.4508,0.0,136.7,511.0,ARCTIC TERN,,WDJ5188,37.0
367785220,2020-01-01T01:32:11,48.12445,-123.45081,0.0,136.7,511.0,ARCTIC TERN,,WDJ5188,37.0
367785220,2020-01-01T01:35:10,48.12442,-123.45078,0.0,136.7,511.0,ARCTIC TERN,,WDJ5188,37.0
367785220,2020-01-01T01:38:11,48.12441,-123.45083,0.1,136.7,511.0,ARCTIC TERN,,WDJ5188,37.0
367785220,2020-01-01T01:41:10,48.12453,-123.45084,0.1,136.7,511.0,ARCTIC TERN,,WDJ5188,37.0
367785220,2020-01-01T01:44:11,48.12446,-123.45082,0.1,136.7,511.0,ARCTIC TERN,,WDJ5188,37.0
367785220,2020-01-01T01:47:11,48.12438,-123.45085,0.0,24.2,511.0,ARCTIC TERN,,WDJ5188,37.0
367785220,2020-01-01T01:50:12,48.1244,-123.45089,0.0,24.2,511.0,ARCTIC TERN,,WDJ5188,37.0
367785220,2020-01-01T01:53:12,48.12442,-123.45085,0.0,24.2,511.0,ARCTIC TERN,,WDJ5188,37.0
367785220,2020-01-01T01:56:10,48.12442,-123.45084,0.0,24.2,511.0,ARCTIC TERN,,WDJ5188,37.0
367785220,2020-01-01T01:59:10,48.12439,-123.45082,0.1,24.2,511.0,ARCTIC TERN,,WDJ5188,37.0
367785220,2020-01-01T02:02:12,48.12438,-123.45086,0.0,24.2,511.0,ARCTIC TERN,,WDJ5188,37.0
367785220,2020-01-01T02:05:10,48.12443,-123.45087,0.0,124.6,511.0,ARCTIC TERN,,WDJ5188,37.0
367785220,2020-01-01T02:08:10,48.12445,-123.4508,0.0,164.4,511.0,ARCTIC TERN,,WDJ5188,37.0
367785220,2020-01-01T02:11:10,48.12455,-123.45077,0.1,164.4,511.0,ARCTIC TERN,,WDJ5188,37.0
367785220,2020-01-01T02:14:10,48.12449,-123.45079,0.0,164.4,511.0,ARCTIC TERN,,WDJ5188,37.0
367785220,2020-01-01T02:17:10,48.12444,-123.45082,0.0,164.4,511.0,ARCTIC TERN,,WDJ5188,37.0
367785220,2020-01-01T02:20:10,48.12449,-123.4508,0.1,164.4,511.0,ARCTIC TERN,,WDJ5188,37.0
367785220,2020-01-01T02:23:11,48.12449,-123.4508,0.1,75.6,511.0,ARCTIC TERN,,WDJ5188,37.0
367785220,2020-01-01T02:26:11,48.12446,-123.4508,0.1,75.6,511.0,ARCTIC TERN,,WDJ5188,37.0
367785220,2020-01-01T02:29:10,48.12445,-123.45079,0.0,75.6,511.0,ARCTIC TERN,,WDJ5188,37.0
367785220,2020-01-01T02:32:10,48.12447,-123.45081,0.0,75.6,511.0,ARCTIC TERN,,WDJ5188,37.0
367785220,2020-01-01T02:35:10,48.12446,-123.4508,0.0,75.6,511.0,ARCTIC TERN,,WDJ5188,37.0
367785220,2020-01-01T02:38:11,48.12449,-123.45085,0.1,75.6,511.0,ARCTIC TERN,,WDJ5188,37.0
367785220,2020-01-01T02:41:11,48.12445,-123.45084,0.0,75.6,511.0,ARCTIC TERN,,WDJ5188,37.0
367785220,2020-01-01T02:44:12,48.12447,-123.4508,0.0,75.6,511.0,ARCTIC TERN,,WDJ5188,37.0
367785220,2020-01-01T02:47:10,48.12447,-123.45077,0.0,75.6,511.0,ARCTIC TERN,,WDJ5188,37.0
367785220,2020-01-01T02:50:11,48.12444,-123.45076,0.0,75.6,511.0,ARCTIC TERN,,WDJ5188,37.0
367785220,2020-01-01T02:53:10,48.12447,-123.45078,0.1,75.6,511.0,ARCTIC TERN,,WDJ5188,37.0
367785220,2020-01-01T02:56:10,48.12448,-123.45079,0.0,75.6,511.0,ARCTIC TERN,,WDJ5188,37.0
367785220,2020-01-01T02:59:11,48.12448,-123.45082,0.0,75.6,511.0,ARCTIC TERN,,WDJ5188,37.0
367785220,2020-01-01T03:02:10,48.12447,-123.45081,0.0,75.6,511.0,ARCTIC TERN,,WDJ5188,37.0
367785220,2020-01-01T03:05:10,48.12446,-123.45079,0.0,26.0,511.0,ARCTIC TERN,,WDJ5188,37.0
367785220,2020-01-01T03:08:13,48.12445,-123.45079,0.0,26.0,511.0,ARCTIC TERN,,WDJ5188,37.0
367785220,2020-01-01T03:11:12,48.12441,-123.45079,0.0,106.7,511.0,ARCTIC TERN,,WDJ5188,37.0
367785220,2020-01-01T03:14:11,48.12442,-123.45077,0.0,106.7,511.0,ARCTIC TERN,,WDJ5188,37.0
367785220,2020-01-01T03:17:09,48.12435,-123.45076,0.0,34.5,511.0,ARCTIC TERN,,WDJ5188,37.0
367785220,2020-01-01T03:20:10,48.12441,-123.45082,0.0,34.5,511.0,ARCTIC TERN,,WDJ5188,37.0
367785220,2020-01-01T03:23:11,48.12447,-123.45083,0.1,34.5,511.0,ARCTIC TERN,,WDJ5188,37.0
367785220,2020-01-01T03:26:10,48.12438,-123.4508,0.0,34.5,511.0,ARCTIC TERN,,WDJ5188,37.0
367785220,2020-01-01T03:29:10,48.12439,-123.45079,0.1,34.5,511.0,ARCTIC TERN,,WDJ5188,37.0
367785220,2020-01-01T03:32:10,48.12438,-123.45076,0.0,34.5,511.0,ARCTIC TERN,,WDJ5188,37.0
367785220,2020-01-01T03:35:10,48.12437,-123.45077,0.0,34.5,511.0,ARCTIC TERN,,WDJ5188,37.0
367785220,2020-01-01T03:38:09,48.12435,-123.4508,0.0,34.5,511.0,ARCTIC TERN,,WDJ5188,37.0
367785220,2020-01-01T03:41:10,48.1244,-123.45082,0.0,34.5,511.0,ARCTIC TERN,,WDJ5188,37.0
367785220,2020-01-01T03:44:11,48.12432,-123.45082,0.0,356.2,511.0,ARCTIC TERN,,WDJ5188,37.0
367785220,2020-01-01T03:47:10,48.12441,-123.45087,0.0,356.2,511.0,ARCTIC TERN,,WDJ5188,37.0
367785220,2020-01-01T03:50:12,48.12438,-123.45086,0.0,356.2,511.0,ARCTIC TERN,,WDJ5188,37.0
367785220,2020-01-01T03:53:10,48.12442,-123.4509,0.0,356.2,511.0,ARCTIC TERN,,WDJ5188,37.0
367785220,2020-01-01T03:56:10,48.12441,-123.45085,0.0,356.2,511.0,ARCTIC TERN,,WDJ5188,37.0
367785220,2020-01-01T03:59:11,48.12438,-123.45087,0.1,356.2,511.0,ARCTIC TERN,,WDJ5188,37.0
367785220,2020-01-01T04:02:12,48.12441,-123.45082,0.0,356.2,511.0,ARCTIC TERN,,WDJ5188,37.0
367785220,2020-01-01T04:05:10,48.1244,-123.45083,0.0,356.2,511.0,ARCTIC TERN,,WDJ5188,37.0
367785220,2020-01-01T04:08:11,48.1244,-123.45087,0.0,356.2,511.0,ARCTIC TERN,,WDJ5188,37.0
367785220,2020-01-01T04:11:09,48.12441,-123.45084,0.1,356.2,511.0,ARCTIC TERN,,WDJ5188,37.0
367785220,2020-01-01T04:14:11,48.12439,-123.45081,0.1,356.2,511.0,ARCTIC TERN,,WDJ5188,37.0
367785220,2020-01-01T04:17:10,48.12444,-123.4508,0.1,356.2,511.0,ARCTIC TERN,,WDJ5188,37.0
367785220,2020-01-01T04:20:11,48.12439,-123.45084,0.0,356.2,511.0,ARCTIC TERN,,WDJ5188,37.0
367785220,2020-01-01T04:23:12,48.12439,-123.45082,0.1,356.2,511.0,ARCTIC TERN,,WDJ5188,37.0
367785220,2020-01-01T04:26:10,48.12441,-123.4508,0.0,356.2,511.0,ARCTIC TERN,,WDJ5188,37.0
367785220,2020-01-01T04:29:10,48.12438,-123.45082,0.0,356.2,511.0,ARCTIC TERN,,WDJ5188,37.0
367785220,2020-01-01T04:32:10,48.12441,-123.45084,0.2,356.2,511.0,ARCTIC TERN,,WDJ5188,37.0
367785220,2020-01-01T04:35:10,48.12441,-123.45083,0.1,356.2,511.0,ARCTIC TERN,,WDJ5188,37.0
367785220,2020-01-01T04:38:12,48.12441,-123.45081,0.0,92.4,511.0,ARCTIC TERN,,WDJ5188,37.0
367785220,2020-01-01T04:41:13,48.12441,-123.45083,0.0,92.4,511.0,ARCTIC TERN,,WDJ5188,37.0
367785220,2020-01-01T04:44:10,48.12436,-123.45086,0.1,92.4,511.0,ARCTIC TERN,,WDJ5188,37.0
367785220,2020-01-01T04:47:10,48.12445,-123.45087,0.0,92.4,511.0,ARCTIC TERN,,WDJ5188,37.0
367785220,2020-01-01T04:50:11,48.1244,-123.45099,0.1,92.4,511.0,ARCTIC TERN,,WDJ5188,37.0
367785220,2020-01-01T04:53:10,48.12447,-123.45087,0.0,92.4,511.0,ARCTIC TERN,,WDJ5188,37.0
367785220,2020-01-01T04:56:11,48.12447,-123.45083,0.1,92.4,511.0,ARCTIC TERN,,WDJ5188,37.0
367785220,2020-01-01T04:59:10,48.12445,-123.45085,0.0,16.3,511.0,ARCTIC TERN,,WDJ5188,37.0
367785220,2020-01-01T05:02:11,48.12443,-123.4509,0.0,16.3,511.0,ARCTIC TERN,,WDJ5188,37.0
367785220,2020-01-01T05:05:10,48.12443,-123.45086,0.0,88.3,511.0,ARCTIC TERN,,WDJ5188,37.0
367785220,2020-01-01T05:08:11,48.12443,-123.45088,0.0,88.3,511.0,ARCTIC TERN,,WDJ5188,37.0
367785220,2020-01-01T05:11:12,48.1245,-123.45081,0.0,88.3,511.0,ARCTIC TERN,,WDJ5188,37.0
367785220,2020-01-01T05:14:11,48.12451,-123.45081,0.0,88.3,511.0,ARCTIC TERN,,WDJ5188,37.0
367785220,2020-01-01T05:17:12,48.12443,-123.45088,0.0,88.3,511.0,ARCTIC TERN,,WDJ5188,37.0
367785220,2020-01-01T05:20:10,48.12442,-123.45087,0.0,88.3,511.0,ARCTIC TERN,,WDJ5188,37.0
367785220,2020-01-01T05:23:14,48.12445,-123.45081,0.0,161.4,511.0,ARCTIC TERN,,WDJ5188,37.0
367785220,2020-01-01T05:26:10,48.12444,-123.45081,0.0,161.4,511.0,ARCTIC TERN,,WDJ5188,37.0
367785220,2020-01-01T05:29:10,48.1244,-123.45086,0.0,161.4,511.0,ARCTIC TERN,,WDJ5188,37.0
367785220,2020-01-01T05:32:10,48.12446,-123.45077,0.0,161.4,511.0,ARCTIC TERN,,WDJ5188,37.0
367785220,2020-01-01T05:35:09,48.12443,-123.45076,0.0,161.4,511.0,ARCTIC TERN,,WDJ5188,37.0
367785220,2020-01-01T05:38:11,48.12445,-123.45076,0.0,161.4,511.0,ARCTIC TERN,,WDJ5188,37.0
367785220,2020-01-01T05:41:10,48.12446,-123.45078,0.0,161.4,511.0,ARCTIC TERN,,WDJ5188,37.0
367785220,2020-01-01T05:47:10,48.12445,-123.45084,0.1,161.4,511.0,ARCTIC TERN,,WDJ5188,37.0
367785220,2020-01-01T05:50:09,48.12442,-123.45077,0.0,161.4,511.0,ARCTIC TERN,,WDJ5188,37.0
367785220,2020-01-01T05:53:10,48.12443,-123.45081,0.0,161.4,511.0,ARCTIC TERN,,WDJ5188,37.0
367785220,2020-01-01T05:56:10,48.1245,-123.45081,0.0,161.4,511.0,ARCTIC TERN,,WDJ5188,37.0
367785220,2020-01-01T05:59:11,48.12444,-123.45078,0.0,161.4,511.0,ARCTIC TERN,,WDJ5188,37.0
367785220,2020-01-01T06:02:12,48.12444,-123.45077,0.0,161.4,511.0,ARCTIC TERN,,WDJ5188,37.0
367785220,2020-01-01T06:05:11,48.12442,-123.45081,0.0,161.4,511.0,ARCTIC TERN,,WDJ5188,37.0
367785220,2020-01-01T06:08:10,48.1244,-123.45081,0.0,161.4,511.0,ARCTIC TERN,,WDJ5188,37.0
367785220,2020-01-01T06:11:10,48.1244,-123.45081,0.0,161.4,511.0,ARCTIC TERN,,WDJ5188,37.0
367785220,2020-01-01T06:14:10,48.12438,-123.45077,0.0,161.4,511.0,ARCTIC TERN,,WDJ5188,37.0
367785220,2020-01-01T06:17:11,48.12438,-123.45076,0.0,161.4,511.0,ARCTIC TERN,,WDJ5188,37.0
367785220,2020-01-01T06:20:13,48.12439,-123.45078,0.0,161.4,511.0,ARCTIC TERN,,WDJ5188,37.0
367785220,2020-01-01T06:23:10,48.12441,-123.45077,0.0,161.4,511.0,ARCTIC TERN,,WDJ5188,37.0
367785220,2020-01-01T06:26:10,48.12443,-123.45079,0.0,161.4,511.0,ARCTIC TERN,,WDJ5188,37.0
367785220,2020-01-01T06:29:10,48.1244,-123.45077,0.1,167.4,511.0,ARCTIC TERN,,WDJ5188,37.0
367785220,2020-01-01T06:32:10,48.12442,-123.45081,0.0,49.9,511.0,ARCTIC TERN,,WDJ5188,37.0
367785220,2020-01-01T06:35:12,48.12441,-123.45081,0.1,49.9,511.0,ARCTIC TERN,,WDJ5188,37.0
367785220,2020-01-01T06:38:12,48.1244,-123.4508,0.0,49.9,511.0,ARCTIC TERN,,WDJ5188,37.0
367785220,2020-01-01T06:41:12,48.12445,-123.4508,0.1,49.9,511.0,ARCTIC TERN,,WDJ5188,37.0
367785220,2020-01-01T06:44:11,48.12443,-123.45079,0.0,19.0,511.0,ARCTIC TERN,,WDJ5188,37.0
367785220,2020-01-01T06:47:10,48.1244,-123.45078,0.1,161.1,511.0,ARCTIC TERN,,WDJ5188,37.0
367785220,2020-01-01T06:50:10,48.12443,-123.45077,0.1,161.1,511.0,ARCTIC TERN,,WDJ5188,37.0
367785220,2020-01-01T06:53:10,48.1244,-123.4508,0.0,161.1,511.0,ARCTIC TERN,,WDJ5188,37.0
367785220,2020-01-01T06:56:11,48.12441,-123.45077,0.1,161.1,511.0,ARCTIC TERN,,WDJ5188,37.0
367785220,2020-01-01T06:59:12,48.12439,-123.45078,0.0,167.2,511.0,ARCTIC TERN,,WDJ5188,37.0
367785220,2020-01-01T07:02:09,48.12442,-123.45074,0.1,279.8,511.0,ARCTIC TERN,,WDJ5188,37.0
367785220,2020-01-01T07:05:10,48.12441,-123.45078,0.1,279.8,511.0,ARCTIC TERN,,WDJ5188,37.0
367785220,2020-01-01T07:08:09,48.12443,-123.45085,0.1,323.8,511.0,ARCTIC TERN,,WDJ5188,37.0
367785220,2020-01-01T07:11:12,48.12444,-123.45082,0.1,199.3,511.0,ARCTIC TERN,,WDJ5188,37.0
367785220,2020-01-01T07:14:11,48.12442,-123.45083,0.0,199.3,511.0,ARCTIC TERN,,WDJ5188,37.0
367785220,2020-01-01T07:17:11,48.12446,-123.45082,0.1,199.3,511.0,ARCTIC TERN,,WDJ5188,37.0
367785220,2020-01-01T07:20:09,48.12442,-123.45082,0.0,199.3,511.0,ARCTIC TERN,,WDJ5188,37.0
367785220,2020-01-01T07:23:12,48.12446,-123.45078,0.1,199.3,511.0,ARCTIC TERN,,WDJ5188,37.0
367785220,2020-01-01T07:26:10,48.12443,-123.45079,0.0,199.3,511.0,ARCTIC TERN,,WDJ5188,37.0
367785220,2020-01-01T07:29:11,48.12444,-123.45083,0.0,199.3,511.0,ARCTIC TERN,,WDJ5188,37.0
367785220,2020-01-01T07:32:10,48.12443,-123.45085,0.0,199.3,511.0,ARCTIC TERN,,WDJ5188,37.0
367785220,2020-01-01T07:35:10,48.12444,-123.45082,0.0,199.3,511.0,ARCTIC TERN,,WDJ5188,37.0
367785220,2020-01-01T07:38:09,48.12446,-123.45084,0.0,199.3,511.0,ARCTIC TERN,,WDJ5188,37.0
367785220,2020-01-01T07:41:10,48.12443,-123.45084,0.0,199.3,511.0,ARCTIC TERN,,WDJ5188,37.0
367785220,2020-01-01T07:44:10,48.12442,-123.45081,0.1,183.6,511.0,ARCTIC TERN,,WDJ5188,37.0
367785220,2020-01-01T07:47:11,48.12445,-123.4508,0.1,183.6,511.0,ARCTIC TERN,,WDJ5188,37.0
367785220,2020-01-01T07:50:11,48.12445,-123.45079,0.1,183.6,511.0,ARCTIC TERN,,WDJ5188,37.0
367785220,2020-01-01T07:53:10,48.12449,-123.45081,0.1,271.9,511.0,ARCTIC TERN,,WDJ5188,37.0
367785220,2020-01-01T07:56:11,48.12456,-123.45082,0.2,214.6,511.0,ARCTIC TERN,,WDJ5188,37.0
367785220,2020-01-01T07:59:10,48.12447,-123.45084,0.0,214.6,511.0,ARCTIC TERN,,WDJ5188,37.0
367785220,2020-01-01T08:02:10,48.12449,-123.45082,0.0,214.6,511.0,ARCTIC TERN,,WDJ5188,37.0
367785220,2020-01-01T08:05:09,48.12449,-123.45085,0.1,308.6,511.0,ARCTIC TERN,,WDJ5188,37.0
367785220,2020-01-01T08:08:10,48.12444,-123.45082,0.0,308.6,511.0,ARCTIC TERN,,WDJ5188,37.0
367785220,2020-01-01T08:11:11,48.12443,-123.45081,0.0,308.6,511.0,ARCTIC TERN,,WDJ5188,37.0
367785220,2020-01-01T08:14:12,48.12446,-123.4508,0.1,308.6,511.0,ARCTIC TERN,,WDJ5188,37.0
367785220,2020-01-01T08:17:10,48.12441,-123.4508,0.1,308.6,511.0,ARCTIC TERN,,WDJ5188,37.0
367785220,2020-01-01T08:20:11,48.12441,-123.45086,0.2,308.6,511.0,ARCTIC TERN,,WDJ5188,37.0
367785220,2020-01-01T08:23:10,48.1244,-123.45082,0.1,308.6,511.0,ARCTIC TERN,,WDJ5188,37.0
367785220,2020-01-01T08:26:11,48.12445,-123.45081,0.7,271.3,511.0,ARCTIC TERN,,WDJ5188,37.0
367785220,2020-01-01T08:29:12,48.12441,-123.45078,0.0,271.3,511.0,ARCTIC TERN,,WDJ5188,37.0
367785220,2020-01-01T08:32:11,48.12442,-123.45073,0.1,271.3,511.0,ARCTIC TERN,,WDJ5188,37.0
367785220,2020-01-01T08:35:12,48.12438,-123.45082,0.0,271.3,511.0,ARCTIC TERN,,WDJ5188,37.0
367785220,2020-01-01T08:38:11,48.12445,-123.4508,0.0,271.3,511.0,ARCTIC TERN,,WDJ5188,37.0
367785220,2020-01-01T08:41:10,48.1244,-123.45087,0.0,225.0,511.0,ARCTIC TERN,,WDJ5188,37.0
367785220,2020-01-01T08:44:09,48.12444,-123.45085,0.0,225.0,511.0,ARCTIC TERN,,WDJ5188,37.0
367785220,2020-01-01T08:47:10,48.12448,-123.45084,0.1,225.0,511.0,ARCTIC TERN,,WDJ5188,37.0
367785220,2020-01-01T08:50:11,48.12448,-123.45081,0.0,225.0,511.0,ARCTIC TERN,,WDJ5188,37.0
367785220,2020-01-01T08:53:10,48.12447,-123.4508,0.0,225.0,511.0,ARCTIC TERN,,WDJ5188,37.0
367785220,2020-01-01T08:55:38,48.12437,-123.45071,0.1,16.4,511.0,ARCTIC TERN,,WDJ5188,37.0
367785220,2020-01-01T08:57:06,48.12443,-123.45084,0.2,16.4,511.0,ARCTIC TERN,,WDJ5188,37.0
367785220,2020-01-01T08:58:07,48.12445,-123.45079,0.1,16.4,511.0,ARCTIC TERN,,WDJ5188,37.0
367785220,2020-01-01T09:01:36,48.12445,-123.4508,0.1,16.4,511.0,ARCTIC TERN,,WDJ5188,37.0
367785220,2020-01-01T09:04:36,48.12446,-123.45078,0.0,16.4,511.0,ARCTIC TERN,,WDJ5188,37.0
367785220,2020-01-01T09:07:36,48.12444,-123.45081,0.0,16.4,511.0,ARCTIC TERN,,WDJ5188,37.0
367785220,2020-01-01T09:09:02,48.12443,-123.45079,0.0,13.1,511.0,ARCTIC TERN,,WDJ5188,37.0
367785220,2020-01-01T09:10:31,48.12445,-123.4508,0.1,13.1,511.0,ARCTIC TERN,,WDJ5188,37.0
367785220,2020-01-01T09:14:32,48.12447,-123.45082,0.0,13.1,511.0,ARCTIC TERN,,WDJ5188,37.0
367785220,2020-01-01T09:17:33,48.12449,-123.45081,0.1,13.1,511.0,ARCTIC TERN,,WDJ5188,37.0
367785220,2020-01-01T09:20:32,48.12444,-123.45079,0.0,13.1,511.0,ARCTIC TERN,,WDJ5188,37.0
367785220,2020-01-01T09:23:34,48.12442,-123.45081,0.0,13.1,511.0,ARCTIC TERN,,WDJ5188,37.0
367785220,2020-01-01T09:26:32,48.12444,-123.45084,0.0,13.1,511.0,ARCTIC TERN,,WDJ5188,37.0
367785220,2020-01-01T09:29:33,48.12442,-123.45082,0.0,13.1,511.0,ARCTIC TERN,,WDJ5188,37.0
367785220,2020-01-01T09:32:32,48.1244,-123.45076,0.1,13.1,511.0,ARCTIC TERN,,WDJ5188,37.0
367785220,2020-01-01T09:35:31,48.12442,-123.4508,0.3,13.1,511.0,ARCTIC TERN,,WDJ5188,37.0
367785220,2020-01-01T09:38:32,48.12443,-123.45079,0.0,13.1,511.0,ARCTIC TERN,,WDJ5188,37.0
367785220,2020-01-01T09:41:33,48.12441,-123.45077,0.0,13.1,511.0,ARCTIC TERN,,WDJ5188,37.0
367785220,2020-01-01T09:44:32,48.12445,-123.45082,0.0,13.1,511.0,ARCTIC TERN,,WDJ5188,37.0
367785220,2020-01-01T09:47:32,48.12443,-123.45083,0.0,342.5,511.0,ARCTIC TERN,,WDJ5188,37.0
367785220,2020-01-01T09:49:13,48.12443,-123.45084,0.2,360.0,511.0,ARCTIC TERN,,WDJ5188,37.0
367785220,2020-01-01T09:50:14,48.12442,-123.45083,0.1,360.0,511.0,ARCTIC TERN,,WDJ5188,37.0
367785220,2020-01-01T09:54:13,48.1244,-123.45082,0.2,360.0,511.0,ARCTIC TERN,,WDJ5188,37.0
367785220,2020-01-01T09:57:15,48.12441,-123.45084,0.0,360.0,511.0,ARCTIC TERN,,WDJ5188,37.0
367785220,2020-01-01T10:00:15,48.12439,-123.45081,0.0,360.0,511.0,ARCTIC TERN,,WDJ5188,37.0
367785220,2020-01-01T10:03:13,48.12443,-123.45082,0.0,360.0,511.0,ARCTIC TERN,,WDJ5188,37.0
367785220,2020-01-01T10:06:15,48.1244,-123.45082,0.1,360.0,511.0,ARCTIC TERN,,WDJ5188,37.0
367785220,2020-01-01T10:09:13,48.12439,-123.45084,0.1,360.0,511.0,ARCTIC TERN,,WDJ5188,37.0
367785220,2020-01-01T10:12:15,48.12443,-123.45083,0.0,360.0,511.0,ARCTIC TERN,,WDJ5188,37.0
367785220,2020-01-01T10:15:13,48.12449,-123.45082,0.1,360.0,511.0,ARCTIC TERN,,WDJ5188,37.0
367785220,2020-01-01T10:18:15,48.12444,-123.4508,0.0,66.8,511.0,ARCTIC TERN,,WDJ5188,37.0
367785220,2020-01-01T10:21:13,48.12444,-123.45077,0.4,66.8,511.0,ARCTIC TERN,,WDJ5188,37.0
367785220,2020-01-01T10:24:14,48.12443,-123.4508,0.2,181.5,511.0,ARCTIC TERN,,WDJ5188,37.0
367785220,2020-01-01T10:27:13,48.12443,-123.4508,0.1,181.5,511.0,ARCTIC TERN,,WDJ5188,37.0
367785220,2020-01-01T10:30:14,48.12449,-123.45075,0.0,181.5,511.0,ARCTIC TERN,,WDJ5188,37.0
367785220,2020-01-01T10:33:13,48.12451,-123.45077,0.1,181.5,511.0,ARCTIC TERN,,WDJ5188,37.0
367785220,2020-01-01T10:36:13,48.12448,-123.45083,0.0,181.5,511.0,ARCTIC TERN,,WDJ5188,37.0
367785220,2020-01-01T10:39:13,48.12444,-123.45081,0.1,181.5,511.0,ARCTIC TERN,,WDJ5188,37.0
367785220,2020-01-01T10:42:13,48.12449,-123.45078,0.1,181.5,511.0,ARCTIC TERN,,WDJ5188,37.0
367785220,2020-01-01T10:45:13,48.12445,-123.45082,0.1,181.5,511.0,ARCTIC TERN,,WDJ5188,37.0
367785220,2020-01-01T10:48:14,48.12447,-123.4508,0.1,181.5,511.0,ARCTIC TERN,,WDJ5188,37.0
367785220,2020-01-01T10:51:13,48.12454,-123.45085,0.0,181.5,511.0,ARCTIC TERN,,WDJ5188,37.0
367785220,2020-01-01T10:54:13,48.12452,-123.45081,0.1,181.5,511.0,ARCTIC TERN,,WDJ5188,37.0
367785220,2020-01-01T10:57:14,48.12446,-123.45081,0.1,181.5,511.0,ARCTIC TERN,,WDJ5188,37.0
367785220,2020-01-01T11:00:13,48.12444,-123.45081,0.0,181.5,511.0,ARCTIC TERN,,WDJ5188,37.0
367785220,2020-01-01T11:03:13,48.12448,-123.45082,0.0,181.5,511.0,ARCTIC TERN,,WDJ5188,37.0
367785220,2020-01-01T11:06:13,48.12444,-123.45086,0.0,181.5,511.0,ARCTIC TERN,,WDJ5188,37.0
367785220,2020-01-01T11:09:14,48.12446,-123.45085,0.0,181.5,511.0,ARCTIC TERN,,WDJ5188,37.0
367785220,2020-01-01T11:12:15,48.12445,-123.45082,0.0,181.5,511.0,ARCTIC TERN,,WDJ5188,37.0
367785220,2020-01-01T11:15:13,48.12443,-123.45081,0.0,181.5,511.0,ARCTIC TERN,,WDJ5188,37.0
367785220,2020-01-01T11:18:13,48.12442,-123.45083,0.1,181.5,511.0,ARCTIC TERN,,WDJ5188,37.0
367785220,2020-01-01T11:21:15,48.1244,-123.4508,0.1,181.5,511.0,ARCTIC TERN,,WDJ5188,37.0
367785220,2020-01-01T11:24:13,48.12445,-123.45078,0.0,181.5,511.0,ARCTIC TERN,,WDJ5188,37.0
367785220,2020-01-01T11:27:13,48.12444,-123.45078,0.0,181.5,511.0,ARCTIC TERN,,WDJ5188,37.0
367785220,2020-01-01T11:30:13,48.12446,-123.45081,0.0,181.5,511.0,ARCTIC TERN,,WDJ5188,37.0
367785220,2020-01-01T11:33:14,48.12445,-123.4508,0.0,181.5,511.0,ARCTIC TERN,,WDJ5188,37.0
367785220,2020-01-01T11:36:13,48.12443,-123.4508,0.1,41.7,511.0,ARCTIC TERN,,WDJ5188,37.0
367785220,2020-01-01T11:39:13,48.12443,-123.4508,0.0,41.7,511.0,ARCTIC TERN,,WDJ5188,37.0
367785220,2020-01-01T11:42:13,48.12443,-123.45081,0.0,41.7,511.0,ARCTIC TERN,,WDJ5188,37.0
367785220,2020-01-01T11:45:14,48.12445,-123.45082,0.0,41.7,511.0,ARCTIC TERN,,WDJ5188,37.0
367785220,2020-01-01T11:48:13,48.12447,-123.45079,0.0,41.7,511.0,ARCTIC TERN,,WDJ5188,37.0
367785220,2020-01-01T11:51:14,48.12445,-123.45082,0.0,41.7,511.0,ARCTIC TERN,,WDJ5188,37.0
367785220,2020-01-01T11:54:14,48.12441,-123.4508,0.0,41.7,511.0,ARCTIC TERN,,WDJ5188,37.0
367785220,2020-01-01T11:57:13,48.12445,-123.45082,0.0,41.7,511.0,ARCTIC TERN,,WDJ5188,37.0
367785220,2020-01-01T12:00:15,48.12444,-123.45084,0.0,41.7,511.0,ARCTIC TERN,,WDJ5188,37.0
367785220,2020-01-01T12:03:13,48.12443,-123.45082,0.0,41.7,511.0,ARCTIC TERN,,WDJ5188,37.0
367785220,2020-01-01T12:06:14,48.12444,-123.45084,0.1,41.7,511.0,ARCTIC TERN,,WDJ5188,37.0
367785220,2020-01-01T12:09:14,48.12447,-123.45084,0.0,41.7,511.0,ARCTIC TERN,,WDJ5188,37.0
367785220,2020-01-01T12:12:13,48.12443,-123.45082,0.0,41.7,511.0,ARCTIC TERN,,WDJ5188,37.0
367785220,2020-01-01T12:15:13,48.12442,-123.45081,0.0,41.7,511.0,ARCTIC TERN,,WDJ5188,37.0
367785220,2020-01-01T12:18:13,48.12442,-123.45081,0.0,41.7,511.0,ARCTIC TERN,,WDJ5188,37.0
367785220,2020-01-01T12:21:13,48.12441,-123.45079,0.0,41.7,511.0,ARCTIC TERN,,WDJ5188,37.0
367785220,2020-01-01T12:24:14,48.1244,-123.45082,0.0,41.7,511.0,ARCTIC TERN,,WDJ5188,37.0
367785220,2020-01-01T12:27:14,48.12441,-123.45082,0.1,41.7,511.0,ARCTIC TERN,,WDJ5188,37.0
367785220,2020-01-01T12:30:13,48.12443,-123.45085,0.0,41.7,511.0,ARCTIC TERN,,WDJ5188,37.0
367785220,2020-01-01T12:33:13,48.12444,-123.45084,0.0,41.7,511.0,ARCTIC TERN,,WDJ5188,37.0
367785220,2020-01-01T12:36:13,48.12439,-123.45081,0.0,41.7,511.0,ARCTIC TERN,,WDJ5188,37.0
367785220,2020-01-01T12:39:14,48.12436,-123.45084,0.0,358.6,511.0,ARCTIC TERN,,WDJ5188,37.0
367785220,2020-01-01T12:42:13,48.12437,-123.45082,0.1,358.6,511.0,ARCTIC TERN,,WDJ5188,37.0
367785220,2020-01-01T12:45:13,48.12439,-123.45082,0.0,358.6,511.0,ARCTIC TERN,,WDJ5188,37.0
367785220,2020-01-01T12:48:14,48.12434,-123.45074,0.0,326.6,511.0,ARCTIC TERN,,WDJ5188,37.0
367785220,2020-01-01T12:51:15,48.12439,-123.45076,0.0,326.6,511.0,ARCTIC TERN,,WDJ5188,37.0
367785220,2020-01-01T12:54:13,48.12434,-123.45076,0.0,326.6,511.0,ARCTIC TERN,,WDJ5188,37.0
367785220,2020-01-01T12:57:13,48.12436,-123.45077,0.1,326.6,511.0,ARCTIC TERN,,WDJ5188,37.0
367785220,2020-01-01T13:00:15,48.1244,-123.45077,0.0,326.6,511.0,ARCTIC TERN,,WDJ5188,37.0
367785220,2020-01-01T13:03:15,48.1244,-123.45079,0.0,326.6,511.0,ARCTIC TERN,,WDJ5188,37.0
367785220,2020-01-01T13:06:13,48.12437,-123.45079,0.1,326.6,511.0,ARCTIC TERN,,WDJ5188,37.0
367785220,2020-01-01T13:09:13,48.12438,-123.4508,0.0,326.6,511.0,ARCTIC TERN,,WDJ5188,37.0
367785220,2020-01-01T13:12:13,48.12436,-123.45077,0.1,326.6,511.0,ARCTIC TERN,,WDJ5188,37.0
367785220,2020-01-01T13:15:13,48.12441,-123.45077,0.1,326.6,511.0,ARCTIC TERN,,WDJ5188,37.0
367785220,2020-01-01T13:18:14,48.12446,-123.45076,0.3,326.6,511.0,ARCTIC TERN,,WDJ5188,37.0
367785220,2020-01-01T13:21:13,48.12451,-123.45079,0.1,326.6,511.0,ARCTIC TERN,,WDJ5188,37.0
367785220,2020-01-01T13:24:15,48.12444,-123.45078,0.0,326.6,511.0,ARCTIC TERN,,WDJ5188,37.0
367785220,2020-01-01T13:27:13,48.12443,-123.45077,0.0,326.6,511.0,ARCTIC TERN,,WDJ5188,37.0
367785220,2020-01-01T13:30:13,48.12444,-123.45077,0.0,326.6,511.0,ARCTIC TERN,,WDJ5188,37.0
367785220,2020-01-01T13:33:13,48.12448,-123.45073,0.1,326.6,511.0,ARCTIC TERN,,WDJ5188,37.0
367785220,2020-01-01T13:36:14,48.12452,-123.45079,0.1,326.6,511.0,ARCTIC TERN,,WDJ5188,37.0
367785220,2020-01-01T13:39:13,48.12445,-123.45081,0.1,326.6,511.0,ARCTIC TERN,,WDJ5188,37.0
367785220,2020-01-01T13:42:13,48.12447,-123.4508,0.0,326.6,511.0,ARCTIC TERN,,WDJ5188,37.0
367785220,2020-01-01T13:45:13,48.12447,-123.45086,0.0,326.6,511.0,ARCTIC TERN,,WDJ5188,37.0
367785220,2020-01-01T13:48:13,48.12445,-123.45082,0.1,326.6,511.0,ARCTIC TERN,,WDJ5188,37.0
367785220,2020-01-01T13:51:14,48.12446,-123.45086,0.0,326.6,511.0,ARCTIC TERN,,WDJ5188,37.0
367785220,2020-01-01T13:54:13,48.12443,-123.45081,0.0,326.6,511.0,ARCTIC TERN,,WDJ5188,37.0
367785220,2020-01-01T13:57:13,48.12441,-123.45082,0.1,326.6,511.0,ARCTIC TERN,,WDJ5188,37.0
367785220,2020-01-01T14:00:13,48.12446,-123.45078,0.0,326.6,511.0,ARCTIC TERN,,WDJ5188,37.0
367785220,2020-01-01T14:03:17,48.12445,-123.45077,0.1,338.5,511.0,ARCTIC TERN,,WDJ5188,37.0
367785220,2020-01-01T14:06:13,48.12442,-123.45082,0.0,338.5,511.0,ARCTIC TERN,,WDJ5188,37.0
367785220,2020-01-01T14:09:13,48.12443,-123.45085,0.0,338.5,511.0,ARCTIC TERN,,WDJ5188,37.0
367785220,2020-01-01T14:12:15,48.12441,-123.45087,0.1,338.5,511.0,ARCTIC TERN,,WDJ5188,37.0
367785220,2020-01-01T14:15:14,48.12442,-123.45088,0.1,338.5,511.0,ARCTIC TERN,,WDJ5188,37.0
367785220,2020-01-01T14:18:13,48.12441,-123.4509,0.0,338.5,511.0,ARCTIC TERN,,WDJ5188,37.0
367785220,2020-01-01T14:21:15,48.12439,-123.45091,0.0,338.5,511.0,ARCTIC TERN,,WDJ5188,37.0
367785220,2020-01-01T14:24:14,48.12437,-123.4509,0.1,338.5,511.0,ARCTIC TERN,,WDJ5188,37.0
367785220,2020-01-01T14:27:13,48.12438,-123.45088,0.0,338.5,511.0,ARCTIC TERN,,WDJ5188,37.0
367785220,2020-01-01T14:30:13,48.12441,-123.45082,0.0,338.5,511.0,ARCTIC TERN,,WDJ5188,37.0
367785220,2020-01-01T14:33:13,48.1244,-123.45082,0.0,338.5,511.0,ARCTIC TERN,,WDJ5188,37.0
367785220,2020-01-01T14:36:13,48.12441,-123.45083,0.0,338.5,511.0,ARCTIC TERN,,WDJ5188,37.0
367785220,2020-01-01T14:39:14,48.1244,-123.45084,0.2,338.5,511.0,ARCTIC TERN,,WDJ5188,37.0
367785220,2020-01-01T14:42:13,48.12439,-123.45083,0.1,338.5,511.0,ARCTIC TERN,,WDJ5188,37.0
367785220,2020-01-01T14:45:14,48.12438,-123.4508,0.0,338.5,511.0,ARCTIC TERN,,WDJ5188,37.0
367785220,2020-01-01T14:48:13,48.1244,-123.45081,0.1,338.5,511.0,ARCTIC TERN,,WDJ5188,37.0
367785220,2020-01-01T14:51:13,48.12436,-123.45084,0.0,213.8,511.0,ARCTIC TERN,,WDJ5188,37.0
367785220,2020-01-01T14:54:13,48.12442,-123.45082,0.0,213.8,511.0,ARCTIC TERN,,WDJ5188,37.0
367785220,2020-01-01T14:57:13,48.12443,-123.4508,0.0,213.8,511.0,ARCTIC TERN,,WDJ5188,37.0
367785220,2020-01-01T15:00:13,48.12443,-123.45081,0.0,213.8,511.0,ARCTIC TERN,,WDJ5188,37.0
367785220,2020-01-01T15:03:15,48.1244,-123.45079,0.1,213.8,511.0,ARCTIC TERN,,WDJ5188,37.0
367785220,2020-01-01T15:06:13,48.1244,-123.45079,0.0,213.8,511.0,ARCTIC TERN,,WDJ5188,37.0
367785220,2020-01-01T15:09:14,48.12442,-123.4508,0.0,213.8,511.0,ARCTIC TERN,,WDJ5188,37.0
367785220,2020-01-01T15:12:14,48.12443,-123.45081,0.0,213.8,511.0,ARCTIC TERN,,WDJ5188,37.0
367785220,2020-01-01T15:15:14,48.12445,-123.45078,0.1,213.8,511.0,ARCTIC TERN,,WDJ5188,37.0
367785220,2020-01-01T15:18:13,48.12444,-123.45081,0.0,213.8,511.0,ARCTIC TERN,,WDJ5188,37.0
367785220,2020-01-01T15:21:13,48.12443,-123.45083,0.0,213.8,511.0,ARCTIC TERN,,WDJ5188,37.0
367785220,2020-01-01T15:24:13,48.12442,-123.45083,0.0,213.8,511.0,ARCTIC TERN,,WDJ5188,37.0
367785220,2020-01-01T15:27:13,48.12439,-123.45084,0.0,213.8,511.0,ARCTIC TERN,,WDJ5188,37.0
367785220,2020-01-01T15:30:13,48.12441,-123.45084,0.0,213.8,511.0,ARCTIC TERN,,WDJ5188,37.0
367785220,2020-01-01T15:33:14,48.12443,-123.45086,0.2,213.8,511.0,ARCTIC TERN,,WDJ5188,37.0
367785220,2020-01-01T15:36:12,48.12443,-123.45085,0.0,213.8,511.0,ARCTIC TERN,,WDJ5188,37.0
367785220,2020-01-01T15:39:13,48.12439,-123.45089,0.0,213.8,511.0,ARCTIC TERN,,WDJ5188,37.0
367785220,2020-01-01T15:42:13,48.12438,-123.45085,0.0,213.8,511.0,ARCTIC TERN,,WDJ5188,37.0
367785220,2020-01-01T15:45:14,48.12441,-123.45087,0.0,213.8,511.0,ARCTIC TERN,,WDJ5188,37.0
367785220,2020-01-01T15:48:13,48.12439,-123.45084,0.0,213.8,511.0,ARCTIC TERN,,WDJ5188,37.0
367785220,2020-01-01T15:51:13,48.12443,-123.45086,0.1,213.8,511.0,ARCTIC TERN,,WDJ5188,37.0
367785220,2020-01-01T15:54:13,48.12443,-123.45084,0.0,213.8,511.0,ARCTIC TERN,,WDJ5188,37.0
367785220,2020-01-01T15:57:13,48.12443,-123.45085,0.0,213.8,511.0,ARCTIC TERN,,WDJ5188,37.0
367785220,2020-01-01T16:00:14,48.12441,-123.45084,0.0,213.8,511.0,ARCTIC TERN,,WDJ5188,37.0
367785220,2020-01-01T16:03:14,48.12439,-123.45084,0.0,213.8,511.0,ARCTIC TERN,,WDJ5188,37.0
367785220,2020-01-01T16:06:15,48.1244,-123.45084,0.0,213.8,511.0,ARCTIC TERN,,WDJ5188,37.0
367785220,2020-01-01T16:09:16,48.12438,-123.45085,0.0,213.8,511.0,ARCTIC TERN,,WDJ5188,37.0
367785220,2020-01-01T16:12:13,48.1244,-123.45085,0.0,213.8,511.0,ARCTIC TERN,,WDJ5188,37.0
367785220,2020-01-01T16:15:13,48.12438,-123.45083,0.0,213.8,511.0,ARCTIC TERN,,WDJ5188,37.0
367785220,2020-01-01T16:18:13,48.1244,-123.45084,0.0,213.8,511.0,ARCTIC TERN,,WDJ5188,37.0
367785220,2020-01-01T16:21:14,48.12442,-123.45085,0.1,213.8,511.0,ARCTIC TERN,,WDJ5188,37.0
367785220,2020-01-01T16:24:14,48.1244,-123.45082,0.0,213.8,511.0,ARCTIC TERN,,WDJ5188,37.0
367785220,2020-01-01T16:27:13,48.12438,-123.45083,0.0,213.8,511.0,ARCTIC TERN,,WDJ5188,37.0
367785220,2020-01-01T16:33:14,48.1244,-123.45089,0.0,213.8,511.0,ARCTIC TERN,,WDJ5188,37.0
367785220,2020-01-01T16:36:13,48.12441,-123.45086,0.0,213.8,511.0,ARCTIC TERN,,WDJ5188,37.0
367785220,2020-01-01T16:39:13,48.12431,-123.45102,0.1,213.8,511.0,ARCTIC TERN,,WDJ5188,37.0
367785220,2020-01-01T16:42:13,48.12433,-123.45097,0.0,213.8,511.0,ARCTIC TERN,,WDJ5188,37.0
367785220,2020-01-01T16:45:15,48.12453,-123.45083,0.1,213.8,511.0,ARCTIC TERN,,WDJ5188,37.0
367785220,2020-01-01T16:48:13,48.12442,-123.45094,0.0,313.6,511.0,ARCTIC TERN,,WDJ5188,37.0
367785220,2020-01-01T16:51:13,48.12444,-123.45089,0.0,201.8,511.0,ARCTIC TERN,,WDJ5188,37.0
367785220,2020-01-01T16:52:29,48.12446,-123.45087,0.2,3.5,511.0,ARCTIC TERN,,WDJ5188,37.0
367785220,2020-01-01T16:53:30,48.12446,-123.45087,0.0,3.5,511.0,ARCTIC TERN,,WDJ5188,37.0
367785220,2020-01-01T16:57:28,48.12441,-123.45089,0.1,3.5,511.0,ARCTIC TERN,,WDJ5188,37.0
367785220,2020-01-01T17:00:27,48.12442,-123.45093,0.0,3.5,511.0,ARCTIC TERN,,WDJ5188,37.0
367785220,2020-01-01T17:03:29,48.12439,-123.45085,0.1,3.5,511.0,ARCTIC TERN,,WDJ5188,37.0
367785220,2020-01-01T17:06:27,48.12436,-123.45088,0.1,3.5,511.0,ARCTIC TERN,,WDJ5188,37.0
367785220,2020-01-01T17:09:28,48.12437,-123.45092,0.0,3.5,511.0,ARCTIC TERN,,WDJ5188,37.0
367785220,2020-01-01T17:12:29,48.12439,-123.45086,0.0,3.5,511.0,ARCTIC TERN,,WDJ5188,37.0
367785220,2020-01-01T17:15:27,48.1244,-123.45082,0.0,3.5,511.0,ARCTIC TERN,,WDJ5188,37.0
367785220,2020-01-01T17:18:28,48.12439,-123.45082,0.0,3.5,511.0,ARCTIC TERN,,WDJ5188,37.0
367785220,2020-01-01T17:21:27,48.12434,-123.45084,0.0,3.5,511.0,ARCTIC TERN,,WDJ5188,37.0
367785220,2020-01-01T17:24:28,48.12437,-123.45087,0.1,3.5,511.0,ARCTIC TERN,,WDJ5188,37.0
367785220,2020-01-01T17:27:27,48.12438,-123.45081,0.0,3.5,511.0,ARCTIC TERN,,WDJ5188,37.0
367785220,2020-01-01T17:30:28,48.12439,-123.45081,0.0,3.5,511.0,ARCTIC TERN,,WDJ5188,37.0
367785220,2020-01-01T17:33:29,48.1244,-123.45084,0.0,3.5,511.0,ARCTIC TERN,,WDJ5188,37.0
367785220,2020-01-01T17:36:27,48.12441,-123.45081,0.0,3.5,511.0,ARCTIC TERN,,WDJ5188,37.0
367785220,2020-01-01T17:39:28,48.1244,-123.4508,0.0,3.5,511.0,ARCTIC TERN,,WDJ5188,37.0
367785220,2020-01-01T17:42:27,48.1244,-123.45079,0.0,3.5,511.0,ARCTIC TERN,,WDJ5188,37.0
367785220,2020-01-01T17:45:27,48.12442,-123.4508,0.1,3.5,511.0,ARCTIC TERN,,WDJ5188,37.0
367785220,2020-01-01T17:48:27,48.1244,-123.45079,0.0,3.5,511.0,ARCTIC TERN,,WDJ5188,37.0
367785220,2020-01-01T17:51:27,48.1244,-123.45081,0.0,3.5,511.0,ARCTIC TERN,,WDJ5188,37.0
367785220,2020-01-01T17:54:27,48.12438,-123.4508,0.0,3.5,511.0,ARCTIC TERN,,WDJ5188,37.0
367785220,2020-01-01T17:57:27,48.12439,-123.4508,0.0,3.5,511.0,ARCTIC TERN,,WDJ5188,37.0
367785220,2020-01-01T18:00:27,48.12439,-123.45079,0.0,3.5,511.0,ARCTIC TERN,,WDJ5188,37.0
367785220,2020-01-01T18:03:27,48.12439,-123.45078,0.1,3.5,511.0,ARCTIC TERN,,WDJ5188,37.0
367785220,2020-01-01T18:06:27,48.12438,-123.45081,0.0,3.5,511.0,ARCTIC TERN,,WDJ5188,37.0
367785220,2020-01-01T18:09:29,48.12439,-123.45081,0.0,3.5,511.0,ARCTIC TERN,,WDJ5188,37.0
367785220,2020-01-01T18:12:27,48.1244,-123.45078,0.1,3.5,511.0,ARCTIC TERN,,WDJ5188,37.0
367785220,2020-01-01T18:15:27,48.12441,-123.45079,0.0,3.5,511.0,ARCTIC TERN,,WDJ5188,37.0
367785220,2020-01-01T18:18:27,48.12443,-123.45081,0.1,3.5,511.0,ARCTIC TERN,,WDJ5188,37.0
367785220,2020-01-01T18:21:27,48.1244,-123.45083,0.0,3.5,511.0,ARCTIC TERN,,WDJ5188,37.0
367785220,2020-01-01T18:24:27,48.1244,-123.45083,0.0,3.5,511.0,ARCTIC TERN,,WDJ5188,37.0
367785220,2020-01-01T18:27:29,48.12441,-123.45082,0.0,3.5,511.0,ARCTIC TERN,,WDJ5188,37.0
367785220,2020-01-01T18:30:27,48.12439,-123.45079,0.0,3.5,511.0,ARCTIC TERN,,WDJ5188,37.0
367785220,2020-01-01T18:33:28,48.12438,-123.45078,0.1,141.0,511.0,ARCTIC TERN,,WDJ5188,37.0
367785220,2020-01-01T18:36:27,48.12437,-123.45081,0.2,91.7,511.0,ARCTIC TERN,,WDJ5188,37.0
367785220,2020-01-01T18:39:27,48.12441,-123.45081,0.1,91.7,511.0,ARCTIC TERN,,WDJ5188,37.0
367785220,2020-01-01T18:42:28,48.12442,-123.45083,0.0,352.6,511.0,ARCTIC TERN,,WDJ5188,37.0
367785220,2020-01-01T18:45:29,48.12442,-123.45083,0.1,1.9,511.0,ARCTIC TERN,,WDJ5188,37.0
367785220,2020-01-01T18:48:28,48.12439,-123.45083,0.2,167.9,511.0,ARCTIC TERN,,WDJ5188,37.0
367785220,2020-01-01T18:51:30,48.1244,-123.45079,0.1,167.9,511.0,ARCTIC TERN,,WDJ5188,37.0
367785220,2020-01-01T18:54:27,48.1244,-123.45082,0.0,167.9,511.0,ARCTIC TERN,,WDJ5188,37.0
367785220,2020-01-01T18:57:27,48.1244,-123.45081,0.0,94.5,511.0,ARCTIC TERN,,WDJ5188,37.0
367785220,2020-01-01T19:00:29,48.12442,-123.45081,0.1,94.5,511.0,ARCTIC TERN,,WDJ5188,37.0
367785220,2020-01-01T19:03:27,48.12443,-123.45082,0.1,94.5,511.0,ARCTIC TERN,,WDJ5188,37.0
367785220,2020-01-01T19:06:28,48.1244,-123.45082,0.0,94.5,511.0,ARCTIC TERN,,WDJ5188,37.0
367785220,2020-01-01T19:09:27,48.12443,-123.45078,0.0,94.5,511.0,ARCTIC TERN,,WDJ5188,37.0
367785220,2020-01-01T19:12:27,48.12441,-123.45076,0.0,94.5,511.0,ARCTIC TERN,,WDJ5188,37.0
367785220,2020-01-01T19:15:28,48.12443,-123.45079,0.1,94.5,511.0,ARCTIC TERN,,WDJ5188,37.0
367785220,2020-01-01T19:18:28,48.12438,-123.45077,0.1,94.5,511.0,ARCTIC TERN,,WDJ5188,37.0
367785220,2020-01-01T19:21:27,48.12442,-123.45077,0.1,94.5,511.0,ARCTIC TERN,,WDJ5188,37.0
367785220,2020-01-01T19:24:30,48.12446,-123.45077,0.1,94.5,511.0,ARCTIC TERN,,WDJ5188,37.0
367785220,2020-01-01T19:27:28,48.12444,-123.45077,0.0,94.5,511.0,ARCTIC TERN,,WDJ5188,37.0
367785220,2020-01-01T19:30:30,48.1244,-123.4508,0.0,149.4,511.0,ARCTIC TERN,,WDJ5188,37.0
367785220,2020-01-01T19:33:27,48.12446,-123.45076,0.0,102.4,511.0,ARCTIC TERN,,WDJ5188,37.0
367785220,2020-01-01T19:36:28,48.1245,-123.45075,0.1,102.4,511.0,ARCTIC TERN,,WDJ5188,37.0
367785220,2020-01-01T19:39:28,48.12447,-123.4508,0.0,102.4,511.0,ARCTIC TERN,,WDJ5188,37.0
367785220,2020-01-01T19:42:27,48.12445,-123.45082,0.0,102.4,511.0,ARCTIC TERN,,WDJ5188,37.0
367785220,2020-01-01T19:45:28,48.12444,-123.45081,0.0,140.8,511.0,ARCTIC TERN,,WDJ5188,37.0
367785220,2020-01-01T19:48:27,48.12446,-123.45078,0.0,170.4,511.0,ARCTIC TERN,,WDJ5188,37.0
367785220,2020-01-01T19:51:27,48.12445,-123.4508,0.1,175.4,511.0,ARCTIC TERN,,WDJ5188,37.0
367785220,2020-01-01T19:54:28,48.12447,-123.45081,0.1,175.4,511.0,ARCTIC TERN,,WDJ5188,37.0
367785220,2020-01-01T19:57:29,48.12451,-123.4508,0.0,175.4,511.0,ARCTIC TERN,,WDJ5188,37.0
367785220,2020-01-01T20:00:28,48.12451,-123.45075,0.1,175.4,511.0,ARCTIC TERN,,WDJ5188,37.0
367785220,2020-01-01T20:03:27,48.12451,-123.45076,0.0,176.3,511.0,ARCTIC TERN,,WDJ5188,37.0
367785220,2020-01-01T20:06:27,48.1245,-123.45077,0.1,170.8,511.0,ARCTIC TERN,,WDJ5188,37.0
367785220,2020-01-01T20:09:28,48.12449,-123.45074,0.0,170.8,511.0,ARCTIC TERN,,WDJ5188,37.0
367785220,2020-01-01T20:12:28,48.12449,-123.45078,0.0,44.6,511.0,ARCTIC TERN,,WDJ5188,37.0
367785220,2020-01-01T20:15:27,48.12445,-123.4508,0.1,9.3,511.0,ARCTIC TERN,,WDJ5188,37.0
367785220,2020-01-01T20:18:30,48.12446,-123.45081,0.0,9.3,511.0,ARCTIC TERN,,WDJ5188,37.0
367785220,2020-01-01T20:21:28,48.12448,-123.45077,0.1,9.3,511.0,ARCTIC TERN,,WDJ5188,37.0
367785220,2020-01-01T20:24:27,48.12446,-123.45078,0.1,9.3,511.0,ARCTIC TERN,,WDJ5188,37.0
367785220,2020-01-01T20:27:27,48.12446,-123.45076,0.0,9.3,511.0,ARCTIC TERN,,WDJ5188,37.0
367785220,2020-01-01T20:30:30,48.1245,-123.45079,0.0,9.3,511.0,ARCTIC TERN,,WDJ5188,37.0
367785220,2020-01-01T20:33:27,48.12448,-123.4508,0.0,9.3,511.0,ARCTIC TERN,,WDJ5188,37.0
367785220,2020-01-01T20:36:27,48.12445,-123.45077,0.1,9.3,511.0,ARCTIC TERN,,WDJ5188,37.0
367785220,2020-01-01T20:39:27,48.12442,-123.45081,0.1,354.7,511.0,ARCTIC TERN,,WDJ5188,37.0
367785220,2020-01-01T20:42:27,48.1244,-123.45086,0.0,354.7,511.0,ARCTIC TERN,,WDJ5188,37.0
367785220,2020-01-01T20:45:27,48.12438,-123.45084,0.0,354.7,511.0,ARCTIC TERN,,WDJ5188,37.0
367785220,2020-01-01T20:48:27,48.1244,-123.45083,0.0,354.7,511.0,ARCTIC TERN,,WDJ5188,37.0
367785220,2020-01-01T20:51:28,48.12438,-123.45085,0.0,354.7,511.0,ARCTIC TERN,,WDJ5188,37.0
367785220,2020-01-01T20:54:27,48.1244,-123.45083,0.0,354.7,511.0,ARCTIC TERN,,WDJ5188,37.0
367785220,2020-01-01T20:57:28,48.12441,-123.45083,0.0,354.7,511.0,ARCTIC TERN,,WDJ5188,37.0
367785220,2020-01-01T21:00:28,48.12441,-123.45083,0.0,354.7,511.0,ARCTIC TERN,,WDJ5188,37.0
367785220,2020-01-01T21:03:29,48.12438,-123.4508,0.0,354.7,511.0,ARCTIC TERN,,WDJ5188,37.0
367785220,2020-01-01T21:06:28,48.12441,-123.45079,0.0,354.7,511.0,ARCTIC TERN,,WDJ5188,37.0
367785220,2020-01-01T21:09:27,48.12441,-123.4508,0.0,354.7,511.0,ARCTIC TERN,,WDJ5188,37.0
367785220,2020-01-01T21:12:28,48.12442,-123.45081,0.0,354.7,511.0,ARCTIC TERN,,WDJ5188,37.0
367785220,2020-01-01T21:15:27,48.12441,-123.45081,0.0,354.7,511.0,ARCTIC TERN,,WDJ5188,37.0
367785220,2020-01-01T21:18:27,48.12443,-123.45082,0.0,354.7,511.0,ARCTIC TERN,,WDJ5188,37.0
367785220,2020-01-01T21:21:29,48.12443,-123.45085,0.0,354.7,511.0,ARCTIC TERN,,WDJ5188,37.0
367785220,2020-01-01T21:24:27,48.12441,-123.45078,0.0,354.7,511.0,ARCTIC TERN,,WDJ5188,37.0
367785220,2020-01-01T21:27:27,48.12442,-123.45082,0.1,354.7,511.0,ARCTIC TERN,,WDJ5188,37.0
367785220,2020-01-01T21:30:28,48.12441,-123.45086,0.0,354.7,511.0,ARCTIC TERN,,WDJ5188,37.0
367785220,2020-01-01T21:33:27,48.12442,-123.45087,0.1,354.7,511.0,ARCTIC TERN,,WDJ5188,37.0
367785220,2020-01-01T21:36:29,48.1244,-123.45083,0.1,354.7,511.0,ARCTIC TERN,,WDJ5188,37.0
367785220,2020-01-01T21:39:28,48.12433,-123.45078,0.0,354.7,511.0,ARCTIC TERN,,WDJ5188,37.0
367785220,2020-01-01T21:42:27,48.12436,-123.45084,0.1,354.7,511.0,ARCTIC TERN,,WDJ5188,37.0
367785220,2020-01-01T21:45:27,48.12439,-123.45086,0.0,354.7,511.0,ARCTIC TERN,,WDJ5188,37.0
367785220,2020-01-01T21:48:27,48.1244,-123.45084,0.0,354.7,511.0,ARCTIC TERN,,WDJ5188,37.0
367785220,2020-01-01T21:51:27,48.12438,-123.45086,0.0,354.7,511.0,ARCTIC TERN,,WDJ5188,37.0
367785220,2020-01-01T21:54:28,48.12439,-123.45085,0.0,354.7,511.0,ARCTIC TERN,,WDJ5188,37.0
367785220,2020-01-01T21:57:30,48.12441,-123.45083,0.2,354.7,511.0,ARCTIC TERN,,WDJ5188,37.0
367785220,2020-01-01T22:00:27,48.12441,-123.45085,0.1,146.5,511.0,ARCTIC TERN,,WDJ5188,37.0
367785220,2020-01-01T22:03:28,48.1244,-123.45086,0.0,160.3,511.0,ARCTIC TERN,,WDJ5188,37.0
367785220,2020-01-01T22:06:28,48.12437,-123.45088,0.0,160.3,511.0,ARCTIC TERN,,WDJ5188,37.0
367785220,2020-01-01T22:09:27,48.12441,-123.45088,0.1,160.3,511.0,ARCTIC TERN,,WDJ5188,37.0
367785220,2020-01-01T22:12:28,48.12443,-123.4508,0.1,160.3,511.0,ARCTIC TERN,,WDJ5188,37.0
367785220,2020-01-01T22:15:27,48.12443,-123.4508,0.0,160.3,511.0,ARCTIC TERN,,WDJ5188,37.0
367785220,2020-01-01T22:18:27,48.12437,-123.45086,0.1,160.3,511.0,ARCTIC TERN,,WDJ5188,37.0
367785220,2020-01-01T22:21:27,48.12441,-123.45084,0.0,160.3,511.0,ARCTIC TERN,,WDJ5188,37.0
367785220,2020-01-01T22:24:27,48.12442,-123.45081,0.0,160.3,511.0,ARCTIC TERN,,WDJ5188,37.0
367785220,2020-01-01T22:27:27,48.12443,-123.45083,0.0,161.9,511.0,ARCTIC TERN,,WDJ5188,37.0
367785220,2020-01-01T22:30:28,48.12447,-123.4509,0.1,161.3,511.0,ARCTIC TERN,,WDJ5188,37.0
367785220,2020-01-01T22:33:27,48.12447,-123.45081,0.0,161.3,511.0,ARCTIC TERN,,WDJ5188,37.0
367785220,2020-01-01T22:36:30,48.12446,-123.45081,0.1,161.3,511.0,ARCTIC TERN,,WDJ5188,37.0
367785220,2020-01-01T22:39:27,48.12445,-123.4508,0.0,161.3,511.0,ARCTIC TERN,,WDJ5188,37.0
367785220,2020-01-01T22:42:27,48.12445,-123.45086,0.0,161.3,511.0,ARCTIC TERN,,WDJ5188,37.0
367785220,2020-01-01T22:45:27,48.12441,-123.45084,0.2,161.3,511.0,ARCTIC TERN,,WDJ5188,37.0
367785220,2020-01-01T22:48:31,48.12443,-123.45085,0.0,161.3,511.0,ARCTIC TERN,,WDJ5188,37.0
367785220,2020-01-01T22:51:31,48.12438,-123.45081,0.0,161.3,511.0,ARCTIC TERN,,WDJ5188,37.0
367785220,2020-01-01T22:54:33,48.12442,-123.45081,0.1,161.3,511.0,ARCTIC TERN,,WDJ5188,37.0
367785220,2020-01-01T22:57:28,48.12447,-123.45079,0.0,161.3,511.0,ARCTIC TERN,,WDJ5188,37.0
367785220,2020-01-01T23:00:28,48.12446,-123.4507,0.0,161.3,511.0,ARCTIC TERN,,WDJ5188,37.0
367785220,2020-01-01T23:03:27,48.12451,-123.45077,0.2,161.3,511.0,ARCTIC TERN,,WDJ5188,37.0
367785220,2020-01-01T23:06:27,48.12443,-123.45081,0.0,161.3,511.0,ARCTIC TERN,,WDJ5188,37.0
367785220,2020-01-01T23:09:27,48.12445,-123.45078,0.1,161.3,511.0,ARCTIC TERN,,WDJ5188,37.0
367785220,2020-01-01T23:12:29,48.12444,-123.45078,0.1,161.3,511.0,ARCTIC TERN,,WDJ5188,37.0
367785220,2020-01-01T23:15:27,48.12443,-123.45072,0.0,161.3,511.0,ARCTIC TERN,,WDJ5188,37.0
367785220,2020-01-01T23:18:27,48.12448,-123.45075,0.0,161.3,511.0,ARCTIC TERN,,WDJ5188,37.0
367785220,2020-01-01T23:21:27,48.12449,-123.45077,0.0,161.3,511.0,ARCTIC TERN,,WDJ5188,37.0
367785220,2020-01-01T23:24:27,48.12452,-123.45077,0.3,161.3,511.0,ARCTIC TERN,,WDJ5188,37.0
367785220,2020-01-01T23:27:30,48.12448,-123.45079,0.0,17.1,511.0,ARCTIC TERN,,WDJ5188,37.0
367785220,2020-01-01T23:30:27,48.12454,-123.45078,0.1,17.1,511.0,ARCTIC TERN,,WDJ5188,37.0
367785220,2020-01-01T23:33:28,48.12451,-123.45078,0.1,17.1,511.0,ARCTIC TERN,,WDJ5188,37.0
367785220,2020-01-01T23:36:29,48.12446,-123.4508,0.0,17.1,511.0,ARCTIC TERN,,WDJ5188,37.0
367785220,2020-01-01T23:39:27,48.12454,-123.45079,0.0,17.1,511.0,ARCTIC TERN,,WDJ5188,37.0
367785220,2020-01-01T23:42:28,48.12448,-123.45075,0.0,17.1,511.0,ARCTIC TERN,,WDJ5188,37.0
367785220,2020-01-01T23:45:27,48.12445,-123.45076,0.0,17.1,511.0,ARCTIC TERN,,WDJ5188,37.0
367785220,2020-01-01T23:48:28,48.1245,-123.45078,0.8,51.6,511.0,ARCTIC TERN,,WDJ5188,37.0
367785220,2020-01-01T23:51:28,48.12446,-123.45081,0.0,51.6,511.0,ARCTIC TERN,,WDJ5188,37.0
367785220,2020-01-01T23:54:27,48.12447,-123.4508,0.1,51.6,511.0,ARCTIC TERN,,WDJ5188,37.0
367785220,2020-01-01T23:57:27,48.1245,-123.45083,0.0,51.6,511.0,ARCTIC TERN,,WDJ5188,37.0
