MMSI,BaseDateTime,LAT,LON,SOG,COG,Heading,VesselName,IMO,CallSign,VesselType
366816340,2020-01-01T00:00:10,33.91673,-78.02333,0.0,227.7,511.0,CAPE FEAR PILOT II,,WDA5087,90.0
366816340,2020-01-01T00:01:18,33.91674,-78.02336,0.0,231.4,511.0,CAPE FEAR PILOT II,,WDA5087,90.0
366816340,2020-01-01T00:02:28,33.91672,-78.02335,0.0,231.3,511.0,CAPE FEAR PILOT II,,WDA5087,90.0
366816340,2020-01-01T00:03:39,33.91675,-78.02332,0.0,227.9,511.0,CAPE FEAR PILOT II,,WDA5087,90.0
366816340,2020-01-01T00:04:48,33.91673,-78.02333,0.0,227.0,511.0,CAPE FEAR PILOT II,,WDA5087,90.0
366816340,2020-01-01T00:05:59,33.91673,-78.02334,0.0,229.1,511.0,CAPE FEAR PILOT II,,WDA5087,90.0
366816340,2020-01-01T00:07:08,33.91671,-78.02336,0.0,228.4,511.0,CAPE FEAR PILOT II,,WDA5087,90.0
366816340,2020-01-01T00:08:19,33.91674,-78.02332,0.0,227.5,511.0,CAPE FEAR PILOT II,,WDA5087,90.0
366816340,2020-01-01T00:09:29,33.91673,-78.02336,0.0,230.4,511.0,CAPE FEAR PILOT II,,WDA5087,90.0
366816340,2020-01-01T00:10:38,33.91673,-78.02334,0.0,226.0,511.0,CAPE FEAR PILOT II,,WDA5087,90.0
366816340,2020-01-01T00:11:59,33.91672,-78.02331,0.0,230.1,511.0,CAPE FEAR PILOT II,,WDA5087,90.0
366816340,2020-01-01T00:13:09,33.91671,-78.02331,0.0,232.6,511.0,CAPE FEAR PILOT II,,WDA5087,90.0
366816340,2020-01-01T00:14:59,33.91672,-78.02335,0.0,244.8,511.0,CAPE FEAR PILOT II,,WDA5087,90.0
366816340,2020-01-01T00:16:09,33.91671,-78.02335,0.0,246.3,511.0,CAPE FEAR PILOT II,,WDA5087,90.0
366816340,2020-01-01T00:17:59,33.91672,-78.02332,0.0,242.2,511.0,CAPE FEAR PILOT II,,WDA5087,90.0
366816340,2020-01-01T00:19:28,33.91672,-78.02334,0.0,251.0,511.0,CAPE FEAR PILOT II,,WDA5087,90.0
366816340,2020-01-01T00:20:38,33.91672,-78.02334,0.0,248.1,511.0,CAPE FEAR PILOT II,,WDA5087,90.0
366816340,2020-01-01T00:21:49,33.91673,-78.02336,0.0,250.2,511.0,CAPE FEAR PILOT II,,WDA5087,90.0
366816340,2020-01-01T00:22:59,33.91673,-78.02333,0.0,247.5,511.0,CAPE FEAR PILOT II,,WDA5087,90.0
366816340,2020-01-01T00:24:09,33.91673,-78.02331,0.0,250.1,511.0,CAPE FEAR PILOT II,,WDA5087,90.0
366816340,2020-01-01T00:25:28,33.91673,-78.02331,0.0,249.5,511.0,CAPE FEAR PILOT II,,WDA5087,90.0
366816340,2020-01-01T00:26:39,33.91674,-78.02335,0.0,252.8,511.0,CAPE FEAR PILOT II,,WDA5087,90.0
366816340,2020-01-01T00:27:48,33.91672,-78.02335,0.0,255.6,511.0,CAPE FEAR PILOT II,,WDA5087,90.0
366816340,2020-01-01T00:29:10,33.91673,-78.02334,0.0,252.7,511.0,CAPE FEAR PILOT II,,WDA5087,90.0
366816340,2020-01-01T00:30:19,33.91674,-78.02335,0.0,253.1,511.0,CAPE FEAR PILOT II,,WDA5087,90.0
366816340,2020-01-01T00:31:28,33.91672,-78.02335,0.0,251.3,511.0,CAPE FEAR PILOT II,,WDA5087,90.0
366816340,2020-01-01T00:32:38,33.91671,-78.02329,0.0,255.0,511.0,CAPE FEAR PILOT II,,WDA5087,90.0
366816340,2020-01-01T00:33:39,33.91676,-78.02334,0.0,257.9,511.0,CAPE FEAR PILOT II,,WDA5087,90.0
366816340,2020-01-01T00:36:28,33.91674,-78.02333,0.0,253.5,511.0,CAPE FEAR PILOT II,,WDA5087,90.0
366816340,2020-01-01T00:37:39,33.91674,-78.02334,0.0,250.9,511.0,CAPE FEAR PILOT II,,WDA5087,90.0
366816340,2020-01-01T00:38:50,33.91674,-78.02333,0.0,251.1,511.0,CAPE FEAR PILOT II,,WDA5087,90.0
366816340,2020-01-01T00:39:59,33.91673,-78.02333,0.0,250.4,511.0,CAPE FEAR PILOT II,,WDA5087,90.0
366816340,2020-01-01T00:43:09,33.91675,-78.02332,0.0,250.5,511.0,CAPE FEAR PILOT II,,WDA5087,90.0
366816340,2020-01-01T00:44:18,33.91675,-78.0233,0.0,253.9,511.0,CAPE FEAR PILOT II,,WDA5087,90.0
366816340,2020-01-01T00:45:29,33.91676,-78.02332,0.0,255.6,511.0,CAPE FEAR PILOT II,,WDA5087,90.0
366816340,2020-01-01T00:48:29,33.91675,-78.0233,0.0,253.7,511.0,CAPE FEAR PILOT II,,WDA5087,90.0
366816340,2020-01-01T00:49:38,33.91673,-78.02333,0.0,257.2,511.0,CAPE FEAR PILOT II,,WDA5087,90.0
366816340,2020-01-01T00:50:40,33.91672,-78.02332,0.0,259.9,511.0,CAPE FEAR PILOT II,,WDA5087,90.0
366816340,2020-01-01T00:51:48,33.91672,-78.0233,0.0,262.2,511.0,CAPE FEAR PILOT II,,WDA5087,90.0
366816340,2020-01-01T00:54:48,33.91673,-78.0233,0.0,260.0,511.0,CAPE FEAR PILOT II,,WDA5087,90.0
366816340,2020-01-01T00:55:59,33.91671,-78.02333,0.0,260.8,511.0,CAPE FEAR PILOT II,,WDA5087,90.0
366816340,2020-01-01T00:57:10,33.91671,-78.02335,0.0,255.3,511.0,CAPE FEAR PILOT II,,WDA5087,90.0
366816340,2020-01-01T00:58:19,33.91673,-78.02336,0.0,255.2,511.0,CAPE FEAR PILOT II,,WDA5087,90.0
366816340,2020-01-01T00:59:29,33.91674,-78.02336,0.0,262.1,511.0,CAPE FEAR PILOT II,,WDA5087,90.0
366816340,2020-01-01T01:00:19,33.91674,-78.02335,0.0,259.8,511.0,CAPE FEAR PILOT II,,WDA5087,90.0
366816340,2020-01-01T01:01:29,33.91673,-78.02335,0.0,255.7,511.0,CAPE FEAR PILOT II,,WDA5087,90.0
366816340,2020-01-01T01:02:40,33.91673,-78.02331,0.0,251.5,511.0,CAPE FEAR PILOT II,,WDA5087,90.0
366816340,2020-01-01T01:03:48,33.91674,-78.02335,0.0,253.5,511.0,CAPE FEAR PILOT II,,WDA5087,90.0
366816340,2020-01-01T01:04:59,33.91675,-78.02332,0.0,253.0,511.0,CAPE FEAR PILOT II,,WDA5087,90.0
366816340,2020-01-01T01:06:10,33.91673,-78.02334,0.0,255.3,511.0,CAPE FEAR PILOT II,,WDA5087,90.0
366816340,2020-01-01T01:07:18,33.91674,-78.02331,0.0,262.3,511.0,CAPE FEAR PILOT II,,WDA5087,90.0
366816340,2020-01-01T01:08:28,33.91672,-78.02329,0.0,263.2,511.0,CAPE FEAR PILOT II,,WDA5087,90.0
366816340,2020-01-01T01:09:39,33.91673,-78.02332,0.0,262.5,511.0,CAPE FEAR PILOT II,,WDA5087,90.0
366816340,2020-01-01T01:10:48,33.91674,-78.02334,0.0,261.1,511.0,CAPE FEAR PILOT II,,WDA5087,90.0
366816340,2020-01-01T01:11:59,33.91672,-78.02331,0.0,262.0,511.0,CAPE FEAR PILOT II,,WDA5087,90.0
366816340,2020-01-01T01:13:09,33.91675,-78.02334,0.0,263.8,511.0,CAPE FEAR PILOT II,,WDA5087,90.0
366816340,2020-01-01T01:14:59,33.91674,-78.02331,0.0,270.2,511.0,CAPE FEAR PILOT II,,WDA5087,90.0
366816340,2020-01-01T01:16:09,33.91673,-78.02334,0.0,271.6,511.0,CAPE FEAR PILOT II,,WDA5087,90.0
366816340,2020-01-01T01:17:19,33.91676,-78.0233,0.0,266.8,511.0,CAPE FEAR PILOT II,,WDA5087,90.0
366816340,2020-01-01T01:19:19,33.91675,-78.02334,0.0,254.5,511.0,CAPE FEAR PILOT II,,WDA5087,90.0
366816340,2020-01-01T01:20:39,33.91675,-78.02333,0.0,244.1,511.0,CAPE FEAR PILOT II,,WDA5087,90.0
366816340,2020-01-01T01:22:19,33.91676,-78.02331,0.0,247.6,511.0,CAPE FEAR PILOT II,,WDA5087,90.0
366816340,2020-01-01T01:23:48,33.91674,-78.02334,0.1,248.4,511.0,CAPE FEAR PILOT II,,WDA5087,90.0
366816340,2020-01-01T01:24:58,33.91672,-78.02339,0.0,247.6,511.0,CAPE FEAR PILOT II,,WDA5087,90.0
366816340,2020-01-01T01:25:59,33.91675,-78.02334,0.0,255.0,511.0,CAPE FEAR PILOT II,,WDA5087,90.0
366816340,2020-01-01T01:27:38,33.91675,-78.02336,0.0,266.8,511.0,CAPE FEAR PILOT II,,WDA5087,90.0
366816340,2020-01-01T01:29:38,33.91674,-78.02337,0.0,272.1,511.0,CAPE FEAR PILOT II,,WDA5087,90.0
366816340,2020-01-01T01:30:48,33.91674,-78.02334,0.0,265.7,511.0,CAPE FEAR PILOT II,,WDA5087,90.0
366816340,2020-01-01T01:31:59,33.91674,-78.02333,0.1,276.7,511.0,CAPE FEAR PILOT II,,WDA5087,90.0
366816340,2020-01-01T01:33:10,33.9167,-78.02333,0.0,270.9,511.0,CAPE FEAR PILOT II,,WDA5087,90.0
366816340,2020-01-01T01:34:19,33.91672,-78.02333,0.0,269.4,511.0,CAPE FEAR PILOT II,,WDA5087,90.0
366816340,2020-01-01T01:35:29,33.91672,-78.02331,0.0,268.7,511.0,CAPE FEAR PILOT II,,WDA5087,90.0
366816340,2020-01-01T01:36:39,33.91672,-78.02333,0.0,270.8,511.0,CAPE FEAR PILOT II,,WDA5087,90.0
366816340,2020-01-01T01:37:49,33.91671,-78.02335,0.0,270.3,511.0,CAPE FEAR PILOT II,,WDA5087,90.0
366816340,2020-01-01T01:38:58,33.91673,-78.02333,0.0,261.5,511.0,CAPE FEAR PILOT II,,WDA5087,90.0
366816340,2020-01-01T01:40:08,33.91672,-78.02333,0.0,268.7,511.0,CAPE FEAR PILOT II,,WDA5087,90.0
366816340,2020-01-01T01:43:08,33.9167,-78.02335,0.0,272.2,511.0,CAPE FEAR PILOT II,,WDA5087,90.0
366816340,2020-01-01T01:44:48,33.91673,-78.02334,0.0,264.6,511.0,CAPE FEAR PILOT II,,WDA5087,90.0
366816340,2020-01-01T01:45:59,33.91674,-78.02336,0.1,270.3,511.0,CAPE FEAR PILOT II,,WDA5087,90.0
366816340,2020-01-01T01:47:09,33.91673,-78.02335,0.1,270.8,511.0,CAPE FEAR PILOT II,,WDA5087,90.0
366816340,2020-01-01T01:50:39,33.91674,-78.02333,0.0,283.3,511.0,CAPE FEAR PILOT II,,WDA5087,90.0
366816340,2020-01-01T01:51:49,33.91673,-78.02337,0.0,288.8,511.0,CAPE FEAR PILOT II,,WDA5087,90.0
366816340,2020-01-01T01:52:58,33.91674,-78.02338,0.1,287.7,511.0,CAPE FEAR PILOT II,,WDA5087,90.0
366816340,2020-01-01T01:54:08,33.91672,-78.02337,0.0,295.5,511.0,CAPE FEAR PILOT II,,WDA5087,90.0
366816340,2020-01-01T01:56:58,33.91676,-78.02334,0.0,298.4,511.0,CAPE FEAR PILOT II,,WDA5087,90.0
366816340,2020-01-01T01:58:09,33.91672,-78.02337,0.0,283.0,511.0,CAPE FEAR PILOT II,,WDA5087,90.0
366816340,2020-01-01T01:59:18,33.9167,-78.02337,0.0,268.5,511.0,CAPE FEAR PILOT II,,WDA5087,90.0
366816340,2020-01-01T02:00:09,33.91672,-78.02336,0.0,265.4,511.0,CAPE FEAR PILOT II,,WDA5087,90.0
366816340,2020-01-01T02:01:19,33.91674,-78.02336,0.0,256.0,511.0,CAPE FEAR PILOT II,,WDA5087,90.0
366816340,2020-01-01T02:02:29,33.91673,-78.02336,0.0,250.3,511.0,CAPE FEAR PILOT II,,WDA5087,90.0
366816340,2020-01-01T02:03:30,33.91674,-78.02336,0.0,246.1,511.0,CAPE FEAR PILOT II,,WDA5087,90.0
366816340,2020-01-01T02:04:40,33.91674,-78.02333,0.0,245.9,511.0,CAPE FEAR PILOT II,,WDA5087,90.0
366816340,2020-01-01T02:05:48,33.9167,-78.02334,0.0,244.0,511.0,CAPE FEAR PILOT II,,WDA5087,90.0
366816340,2020-01-01T02:06:59,33.91674,-78.02336,0.0,240.2,511.0,CAPE FEAR PILOT II,,WDA5087,90.0
366816340,2020-01-01T02:08:00,33.91674,-78.02335,0.0,233.0,511.0,CAPE FEAR PILOT II,,WDA5087,90.0
366816340,2020-01-01T02:09:10,33.91677,-78.02332,0.0,228.4,511.0,CAPE FEAR PILOT II,,WDA5087,90.0
366816340,2020-01-01T02:10:19,33.91678,-78.02333,0.1,223.5,511.0,CAPE FEAR PILOT II,,WDA5087,90.0
366816340,2020-01-01T02:11:48,33.91672,-78.02335,0.0,221.4,511.0,CAPE FEAR PILOT II,,WDA5087,90.0
366816340,2020-01-01T02:12:59,33.91673,-78.02335,0.0,218.5,511.0,CAPE FEAR PILOT II,,WDA5087,90.0
366816340,2020-01-01T02:14:09,33.91673,-78.02337,0.0,216.8,511.0,CAPE FEAR PILOT II,,WDA5087,90.0
366816340,2020-01-01T02:15:48,33.91674,-78.02333,0.1,221.8,511.0,CAPE FEAR PILOT II,,WDA5087,90.0
366816340,2020-01-01T02:16:59,33.91674,-78.02334,0.0,228.0,511.0,CAPE FEAR PILOT II,,WDA5087,90.0
366816340,2020-01-01T02:18:09,33.91676,-78.02334,0.0,226.8,511.0,CAPE FEAR PILOT II,,WDA5087,90.0
366816340,2020-01-01T02:19:19,33.91675,-78.02334,0.0,223.7,511.0,CAPE FEAR PILOT II,,WDA5087,90.0
366816340,2020-01-01T02:20:30,33.91676,-78.02334,0.0,222.0,511.0,CAPE FEAR PILOT II,,WDA5087,90.0
366816340,2020-01-01T02:22:38,33.91675,-78.02334,0.0,221.8,511.0,CAPE FEAR PILOT II,,WDA5087,90.0
366816340,2020-01-01T02:23:49,33.91676,-78.02334,0.0,227.9,511.0,CAPE FEAR PILOT II,,WDA5087,90.0
366816340,2020-01-01T02:25:38,33.91675,-78.02336,0.0,229.4,511.0,CAPE FEAR PILOT II,,WDA5087,90.0
366816340,2020-01-01T02:26:48,33.91675,-78.02337,0.0,227.9,511.0,CAPE FEAR PILOT II,,WDA5087,90.0
366816340,2020-01-01T02:29:18,33.91673,-78.02337,0.0,228.8,511.0,CAPE FEAR PILOT II,,WDA5087,90.0
366816340,2020-01-01T02:30:29,33.91675,-78.02335,0.0,230.4,511.0,CAPE FEAR PILOT II,,WDA5087,90.0
366816340,2020-01-01T02:31:38,33.91675,-78.02335,0.0,229.9,511.0,CAPE FEAR PILOT II,,WDA5087,90.0
366816340,2020-01-01T02:32:48,33.91676,-78.02335,0.0,230.1,511.0,CAPE FEAR PILOT II,,WDA5087,90.0
366816340,2020-01-01T02:33:58,33.91675,-78.02337,0.0,229.7,511.0,CAPE FEAR PILOT II,,WDA5087,90.0
366816340,2020-01-01T02:34:59,33.91677,-78.02335,0.0,229.4,511.0,CAPE FEAR PILOT II,,WDA5087,90.0
366816340,2020-01-01T02:36:08,33.91675,-78.02335,0.1,227.4,511.0,CAPE FEAR PILOT II,,WDA5087,90.0
366816340,2020-01-01T02:37:10,33.91675,-78.02335,0.1,222.8,511.0,CAPE FEAR PILOT II,,WDA5087,90.0
366816340,2020-01-01T02:38:19,33.91674,-78.02335,0.0,221.4,511.0,CAPE FEAR PILOT II,,WDA5087,90.0
366816340,2020-01-01T02:39:28,33.91675,-78.02335,0.0,221.4,511.0,CAPE FEAR PILOT II,,WDA5087,90.0
366816340,2020-01-01T02:40:38,33.91675,-78.02335,0.0,219.3,511.0,CAPE FEAR PILOT II,,WDA5087,90.0
366816340,2020-01-01T02:41:49,33.91677,-78.02336,0.0,220.5,511.0,CAPE FEAR PILOT II,,WDA5087,90.0
366816340,2020-01-01T02:44:49,33.91676,-78.02336,0.1,220.4,511.0,CAPE FEAR PILOT II,,WDA5087,90.0
366816340,2020-01-01T02:45:59,33.91673,-78.02335,0.0,229.4,511.0,CAPE FEAR PILOT II,,WDA5087,90.0
366816340,2020-01-01T02:47:29,33.91671,-78.02333,0.1,241.9,511.0,CAPE FEAR PILOT II,,WDA5087,90.0
366816340,2020-01-01T02:48:39,33.91671,-78.02334,0.0,242.1,511.0,CAPE FEAR PILOT II,,WDA5087,90.0
366816340,2020-01-01T02:49:50,33.91671,-78.02334,0.0,241.3,511.0,CAPE FEAR PILOT II,,WDA5087,90.0
366816340,2020-01-01T02:53:09,33.91673,-78.02335,0.0,234.1,511.0,CAPE FEAR PILOT II,,WDA5087,90.0
366816340,2020-01-01T02:55:09,33.91671,-78.02336,0.0,238.8,511.0,CAPE FEAR PILOT II,,WDA5087,90.0
366816340,2020-01-01T02:56:18,33.91671,-78.02337,0.0,242.8,511.0,CAPE FEAR PILOT II,,WDA5087,90.0
366816340,2020-01-01T02:59:59,33.91671,-78.02336,0.0,248.5,511.0,CAPE FEAR PILOT II,,WDA5087,90.0
366816340,2020-01-01T03:00:09,33.91674,-78.02337,0.0,249.1,511.0,CAPE FEAR PILOT II,,WDA5087,90.0
366816340,2020-01-01T03:01:19,33.91676,-78.02337,0.0,252.1,511.0,CAPE FEAR PILOT II,,WDA5087,90.0
366816340,2020-01-01T03:02:30,33.91674,-78.02336,0.0,252.4,511.0,CAPE FEAR PILOT II,,WDA5087,90.0
366816340,2020-01-01T03:03:38,33.9167,-78.02334,0.0,254.4,511.0,CAPE FEAR PILOT II,,WDA5087,90.0
366816340,2020-01-01T03:04:49,33.91669,-78.02333,0.0,251.9,511.0,CAPE FEAR PILOT II,,WDA5087,90.0
366816340,2020-01-01T03:06:00,33.91672,-78.02335,0.0,252.8,511.0,CAPE FEAR PILOT II,,WDA5087,90.0
366816340,2020-01-01T03:07:08,33.91677,-78.02335,0.0,249.1,511.0,CAPE FEAR PILOT II,,WDA5087,90.0
366816340,2020-01-01T03:08:20,33.91673,-78.02335,0.0,251.8,511.0,CAPE FEAR PILOT II,,WDA5087,90.0
366816340,2020-01-01T03:09:29,33.91671,-78.02331,0.0,253.0,511.0,CAPE FEAR PILOT II,,WDA5087,90.0
366816340,2020-01-01T03:10:38,33.91674,-78.02334,0.0,250.8,511.0,CAPE FEAR PILOT II,,WDA5087,90.0
366816340,2020-01-01T03:11:48,33.91674,-78.02336,0.0,250.0,511.0,CAPE FEAR PILOT II,,WDA5087,90.0
366816340,2020-01-01T03:13:18,33.9167,-78.02335,0.0,248.8,511.0,CAPE FEAR PILOT II,,WDA5087,90.0
366816340,2020-01-01T03:14:29,33.9167,-78.02336,0.0,255.8,511.0,CAPE FEAR PILOT II,,WDA5087,90.0
366816340,2020-01-01T03:16:18,33.91673,-78.02335,0.0,254.1,511.0,CAPE FEAR PILOT II,,WDA5087,90.0
366816340,2020-01-01T03:18:18,33.91674,-78.02338,0.0,251.9,511.0,CAPE FEAR PILOT II,,WDA5087,90.0
366816340,2020-01-01T03:19:29,33.91674,-78.02334,0.0,253.0,511.0,CAPE FEAR PILOT II,,WDA5087,90.0
366816340,2020-01-01T03:20:38,33.91675,-78.02335,0.0,254.5,511.0,CAPE FEAR PILOT II,,WDA5087,90.0
366816340,2020-01-01T03:21:49,33.91672,-78.02335,0.0,260.0,511.0,CAPE FEAR PILOT II,,WDA5087,90.0
366816340,2020-01-01T03:22:58,33.91671,-78.02332,0.0,254.5,511.0,CAPE FEAR PILOT II,,WDA5087,90.0
366816340,2020-01-01T03:24:09,33.91672,-78.02333,0.0,260.7,511.0,CAPE FEAR PILOT II,,WDA5087,90.0
366816340,2020-01-01T03:26:29,33.91669,-78.02331,0.0,274.2,511.0,CAPE FEAR PILOT II,,WDA5087,90.0
366816340,2020-01-01T03:27:38,33.9167,-78.02332,0.0,279.6,511.0,CAPE FEAR PILOT II,,WDA5087,90.0
366816340,2020-01-01T03:28:49,33.91673,-78.02335,0.0,282.0,511.0,CAPE FEAR PILOT II,,WDA5087,90.0
366816340,2020-01-01T03:30:00,33.91676,-78.02334,0.0,286.1,511.0,CAPE FEAR PILOT II,,WDA5087,90.0
366816340,2020-01-01T03:31:09,33.91673,-78.02333,0.0,289.7,511.0,CAPE FEAR PILOT II,,WDA5087,90.0
366816340,2020-01-01T03:33:28,33.91675,-78.02334,0.0,297.6,511.0,CAPE FEAR PILOT II,,WDA5087,90.0
366816340,2020-01-01T03:34:40,33.91673,-78.02331,0.1,303.1,511.0,CAPE FEAR PILOT II,,WDA5087,90.0
366816340,2020-01-01T03:35:49,33.91673,-78.02333,0.0,306.7,511.0,CAPE FEAR PILOT II,,WDA5087,90.0
366816340,2020-01-01T03:36:59,33.9167,-78.02331,0.0,310.0,511.0,CAPE FEAR PILOT II,,WDA5087,90.0
366816340,2020-01-01T03:38:09,33.91673,-78.02334,0.0,302.0,511.0,CAPE FEAR PILOT II,,WDA5087,90.0
366816340,2020-01-01T03:40:49,33.91669,-78.02333,0.0,304.3,511.0,CAPE FEAR PILOT II,,WDA5087,90.0
366816340,2020-01-01T03:41:59,33.91669,-78.02331,0.0,302.2,511.0,CAPE FEAR PILOT II,,WDA5087,90.0
366816340,2020-01-01T03:43:09,33.91676,-78.02334,0.0,302.5,511.0,CAPE FEAR PILOT II,,WDA5087,90.0
366816340,2020-01-01T03:46:18,33.91675,-78.02335,0.0,307.2,511.0,CAPE FEAR PILOT II,,WDA5087,90.0
366816340,2020-01-01T03:47:38,33.91673,-78.02334,0.0,306.6,511.0,CAPE FEAR PILOT II,,WDA5087,90.0
366816340,2020-01-01T03:50:58,33.91675,-78.02336,0.0,299.4,511.0,CAPE FEAR PILOT II,,WDA5087,90.0
366816340,2020-01-01T03:52:10,33.91676,-78.02334,0.0,297.0,511.0,CAPE FEAR PILOT II,,WDA5087,90.0
366816340,2020-01-01T03:53:19,33.91674,-78.02335,0.0,300.7,511.0,CAPE FEAR PILOT II,,WDA5087,90.0
366816340,2020-01-01T03:54:28,33.91676,-78.02335,0.0,297.7,511.0,CAPE FEAR PILOT II,,WDA5087,90.0
366816340,2020-01-01T03:55:40,33.91676,-78.02334,0.1,298.3,511.0,CAPE FEAR PILOT II,,WDA5087,90.0
366816340,2020-01-01T03:56:48,33.91673,-78.02332,0.0,298.0,511.0,CAPE FEAR PILOT II,,WDA5087,90.0
366816340,2020-01-01T03:57:59,33.91673,-78.02336,0.0,301.5,511.0,CAPE FEAR PILOT II,,WDA5087,90.0
366816340,2020-01-01T03:59:08,33.91676,-78.02334,0.0,297.5,511.0,CAPE FEAR PILOT II,,WDA5087,90.0
366816340,2020-01-01T04:00:08,33.91675,-78.02335,0.0,302.9,511.0,CAPE FEAR PILOT II,,WDA5087,90.0
366816340,2020-01-01T04:01:19,33.91676,-78.02335,0.0,305.7,511.0,CAPE FEAR PILOT II,,WDA5087,90.0
366816340,2020-01-01T04:02:28,33.91678,-78.02334,0.1,306.7,511.0,CAPE FEAR PILOT II,,WDA5087,90.0
366816340,2020-01-01T04:03:29,33.91675,-78.02333,0.0,304.0,511.0,CAPE FEAR PILOT II,,WDA5087,90.0
366816340,2020-01-01T04:04:38,33.91674,-78.02332,0.0,302.7,511.0,CAPE FEAR PILOT II,,WDA5087,90.0
366816340,2020-01-01T04:05:39,33.91675,-78.02334,0.0,303.7,511.0,CAPE FEAR PILOT II,,WDA5087,90.0
366816340,2020-01-01T04:06:50,33.91675,-78.02335,0.0,311.2,511.0,CAPE FEAR PILOT II,,WDA5087,90.0
366816340,2020-01-01T04:08:00,33.91676,-78.02335,0.0,303.2,511.0,CAPE FEAR PILOT II,,WDA5087,90.0
366816340,2020-01-01T04:09:20,33.91676,-78.02335,0.0,304.2,511.0,CAPE FEAR PILOT II,,WDA5087,90.0
366816340,2020-01-01T04:10:28,33.91676,-78.02334,0.0,305.3,511.0,CAPE FEAR PILOT II,,WDA5087,90.0
366816340,2020-01-01T04:11:48,33.91673,-78.02334,0.0,310.1,511.0,CAPE FEAR PILOT II,,WDA5087,90.0
366816340,2020-01-01T04:13:00,33.91674,-78.02333,0.0,311.8,511.0,CAPE FEAR PILOT II,,WDA5087,90.0
366816340,2020-01-01T04:14:09,33.91676,-78.02333,0.0,316.1,511.0,CAPE FEAR PILOT II,,WDA5087,90.0
366816340,2020-01-01T04:15:19,33.91674,-78.02334,0.1,314.2,511.0,CAPE FEAR PILOT II,,WDA5087,90.0
366816340,2020-01-01T04:16:40,33.91675,-78.02333,0.0,305.9,511.0,CAPE FEAR PILOT II,,WDA5087,90.0
366816340,2020-01-01T04:17:48,33.91674,-78.02333,0.0,308.2,511.0,CAPE FEAR PILOT II,,WDA5087,90.0
366816340,2020-01-01T04:19:00,33.91674,-78.0233,0.0,313.9,511.0,CAPE FEAR PILOT II,,WDA5087,90.0
366816340,2020-01-01T04:20:10,33.91674,-78.02333,0.0,313.3,511.0,CAPE FEAR PILOT II,,WDA5087,90.0
366816340,2020-01-01T04:21:19,33.91673,-78.02334,0.0,323.1,511.0,CAPE FEAR PILOT II,,WDA5087,90.0
366816340,2020-01-01T04:22:28,33.91673,-78.0233,0.0,312.9,511.0,CAPE FEAR PILOT II,,WDA5087,90.0
366816340,2020-01-01T04:24:28,33.91673,-78.02332,0.0,276.7,511.0,CAPE FEAR PILOT II,,WDA5087,90.0
366816340,2020-01-01T04:26:28,33.91674,-78.02335,0.0,268.5,511.0,CAPE FEAR PILOT II,,WDA5087,90.0
366816340,2020-01-01T04:27:29,33.91677,-78.02333,0.0,273.4,511.0,CAPE FEAR PILOT II,,WDA5087,90.0
366816340,2020-01-01T04:28:39,33.91675,-78.02331,0.0,277.1,511.0,CAPE FEAR PILOT II,,WDA5087,90.0
366816340,2020-01-01T04:29:50,33.91677,-78.02332,0.1,277.0,511.0,CAPE FEAR PILOT II,,WDA5087,90.0
366816340,2020-01-01T04:30:59,33.91675,-78.02333,0.0,284.8,511.0,CAPE FEAR PILOT II,,WDA5087,90.0
366816340,2020-01-01T04:32:10,33.91676,-78.02334,0.1,282.3,511.0,CAPE FEAR PILOT II,,WDA5087,90.0
366816340,2020-01-01T04:34:39,33.91674,-78.02333,0.0,272.2,511.0,CAPE FEAR PILOT II,,WDA5087,90.0
366816340,2020-01-01T04:35:59,33.91673,-78.02333,0.0,274.2,511.0,CAPE FEAR PILOT II,,WDA5087,90.0
366816340,2020-01-01T04:37:38,33.91675,-78.02334,0.0,274.1,511.0,CAPE FEAR PILOT II,,WDA5087,90.0
366816340,2020-01-01T04:38:59,33.91676,-78.02332,0.1,273.3,511.0,CAPE FEAR PILOT II,,WDA5087,90.0
366816340,2020-01-01T04:40:10,33.91674,-78.0233,0.0,276.5,511.0,CAPE FEAR PILOT II,,WDA5087,90.0
366816340,2020-01-01T04:41:18,33.91675,-78.0233,0.0,274.3,511.0,CAPE FEAR PILOT II,,WDA5087,90.0
366816340,2020-01-01T04:42:20,33.91671,-78.02331,0.0,273.2,511.0,CAPE FEAR PILOT II,,WDA5087,90.0
366816340,2020-01-01T04:45:09,33.91672,-78.02334,0.0,278.4,511.0,CAPE FEAR PILOT II,,WDA5087,90.0
366816340,2020-01-01T04:46:18,33.91672,-78.02329,0.1,272.6,511.0,CAPE FEAR PILOT II,,WDA5087,90.0
366816340,2020-01-01T04:49:09,33.91674,-78.02331,0.1,282.9,511.0,CAPE FEAR PILOT II,,WDA5087,90.0
366816340,2020-01-01T04:52:39,33.91671,-78.02332,0.0,278.1,511.0,CAPE FEAR PILOT II,,WDA5087,90.0
366816340,2020-01-01T04:55:38,33.9167,-78.02333,0.0,284.5,511.0,CAPE FEAR PILOT II,,WDA5087,90.0
366816340,2020-01-01T04:58:18,33.9167,-78.02334,0.0,289.2,511.0,CAPE FEAR PILOT II,,WDA5087,90.0
366816340,2020-01-01T04:59:30,33.91671,-78.02332,0.0,282.7,511.0,CAPE FEAR PILOT II,,WDA5087,90.0
366816340,2020-01-01T05:00:09,33.91675,-78.02334,0.0,282.0,511.0,CAPE FEAR PILOT II,,WDA5087,90.0
366816340,2020-01-01T05:01:18,33.91674,-78.02334,0.0,287.8,511.0,CAPE FEAR PILOT II,,WDA5087,90.0
366816340,2020-01-01T05:02:30,33.91671,-78.02331,0.0,287.2,511.0,CAPE FEAR PILOT II,,WDA5087,90.0
366816340,2020-01-01T05:03:38,33.91672,-78.02332,0.0,291.2,511.0,CAPE FEAR PILOT II,,WDA5087,90.0
366816340,2020-01-01T05:04:49,33.91668,-78.02327,0.1,288.2,511.0,CAPE FEAR PILOT II,,WDA5087,90.0
366816340,2020-01-01T05:06:00,33.91673,-78.02333,0.0,289.9,511.0,CAPE FEAR PILOT II,,WDA5087,90.0
366816340,2020-01-01T05:07:10,33.91674,-78.02333,0.0,289.5,511.0,CAPE FEAR PILOT II,,WDA5087,90.0
366816340,2020-01-01T05:08:19,33.91675,-78.02334,0.1,292.7,511.0,CAPE FEAR PILOT II,,WDA5087,90.0
366816340,2020-01-01T05:09:49,33.91673,-78.02333,0.0,289.0,511.0,CAPE FEAR PILOT II,,WDA5087,90.0
366816340,2020-01-01T05:10:59,33.91672,-78.02334,0.0,288.2,511.0,CAPE FEAR PILOT II,,WDA5087,90.0
366816340,2020-01-01T05:12:19,33.9167,-78.02333,0.0,291.2,511.0,CAPE FEAR PILOT II,,WDA5087,90.0
366816340,2020-01-01T05:13:28,33.91669,-78.02331,0.0,293.0,511.0,CAPE FEAR PILOT II,,WDA5087,90.0
366816340,2020-01-01T05:14:38,33.91671,-78.02333,0.0,290.3,511.0,CAPE FEAR PILOT II,,WDA5087,90.0
366816340,2020-01-01T05:15:49,33.91672,-78.02331,0.0,294.7,511.0,CAPE FEAR PILOT II,,WDA5087,90.0
366816340,2020-01-01T05:16:59,33.91671,-78.02333,0.0,290.9,511.0,CAPE FEAR PILOT II,,WDA5087,90.0
366816340,2020-01-01T05:18:08,33.91674,-78.02337,0.0,290.2,511.0,CAPE FEAR PILOT II,,WDA5087,90.0
366816340,2020-01-01T05:19:19,33.91672,-78.02336,0.0,290.5,511.0,CAPE FEAR PILOT II,,WDA5087,90.0
366816340,2020-01-01T05:20:29,33.91672,-78.02336,0.1,297.2,511.0,CAPE FEAR PILOT II,,WDA5087,90.0
366816340,2020-01-01T05:21:38,33.91673,-78.02335,0.0,304.0,511.0,CAPE FEAR PILOT II,,WDA5087,90.0
366816340,2020-01-01T05:22:40,33.91674,-78.02336,0.0,309.2,511.0,CAPE FEAR PILOT II,,WDA5087,90.0
366816340,2020-01-01T05:23:49,33.91673,-78.02336,0.0,316.4,511.0,CAPE FEAR PILOT II,,WDA5087,90.0
366816340,2020-01-01T05:25:19,33.91673,-78.02333,0.0,298.8,511.0,CAPE FEAR PILOT II,,WDA5087,90.0
366816340,2020-01-01T05:27:19,33.91674,-78.02336,0.0,283.6,511.0,CAPE FEAR PILOT II,,WDA5087,90.0
366816340,2020-01-01T05:28:29,33.91673,-78.02334,0.0,282.4,511.0,CAPE FEAR PILOT II,,WDA5087,90.0
366816340,2020-01-01T05:29:38,33.91668,-78.02333,0.0,276.8,511.0,CAPE FEAR PILOT II,,WDA5087,90.0
366816340,2020-01-01T05:30:40,33.91669,-78.02333,0.0,278.4,511.0,CAPE FEAR PILOT II,,WDA5087,90.0
366816340,2020-01-01T05:31:49,33.91673,-78.02333,0.0,276.0,511.0,CAPE FEAR PILOT II,,WDA5087,90.0
366816340,2020-01-01T05:32:58,33.91674,-78.02331,0.0,275.9,511.0,CAPE FEAR PILOT II,,WDA5087,90.0
366816340,2020-01-01T05:34:09,33.91673,-78.0233,0.0,277.1,511.0,CAPE FEAR PILOT II,,WDA5087,90.0
366816340,2020-01-01T05:35:19,33.91672,-78.02331,0.1,278.4,511.0,CAPE FEAR PILOT II,,WDA5087,90.0
366816340,2020-01-01T05:37:09,33.91669,-78.02337,0.1,290.1,511.0,CAPE FEAR PILOT II,,WDA5087,90.0
366816340,2020-01-01T05:39:39,33.91667,-78.02335,0.0,292.1,511.0,CAPE FEAR PILOT II,,WDA5087,90.0
366816340,2020-01-01T05:41:39,33.91669,-78.02333,0.0,293.2,511.0,CAPE FEAR PILOT II,,WDA5087,90.0
366816340,2020-01-01T05:42:49,33.9167,-78.02335,0.0,292.4,511.0,CAPE FEAR PILOT II,,WDA5087,90.0
366816340,2020-01-01T05:44:08,33.91671,-78.02333,0.0,292.1,511.0,CAPE FEAR PILOT II,,WDA5087,90.0
366816340,2020-01-01T05:45:39,33.91669,-78.02332,0.0,280.6,511.0,CAPE FEAR PILOT II,,WDA5087,90.0
366816340,2020-01-01T05:47:28,33.91669,-78.02332,0.0,284.0,511.0,CAPE FEAR PILOT II,,WDA5087,90.0
366816340,2020-01-01T05:48:29,33.91671,-78.02332,0.0,285.3,511.0,CAPE FEAR PILOT II,,WDA5087,90.0
366816340,2020-01-01T05:51:58,33.91675,-78.02331,0.0,282.9,511.0,CAPE FEAR PILOT II,,WDA5087,90.0
366816340,2020-01-01T05:54:58,33.91675,-78.02329,0.0,275.5,511.0,CAPE FEAR PILOT II,,WDA5087,90.0
366816340,2020-01-01T05:56:58,33.91671,-78.02332,0.0,270.9,511.0,CAPE FEAR PILOT II,,WDA5087,90.0
366816340,2020-01-01T05:57:59,33.91673,-78.02331,0.0,267.1,511.0,CAPE FEAR PILOT II,,WDA5087,90.0
366816340,2020-01-01T05:59:18,33.91674,-78.02329,0.0,281.0,511.0,CAPE FEAR PILOT II,,WDA5087,90.0
366816340,2020-01-01T05:59:59,33.91674,-78.02331,0.0,276.4,511.0,CAPE FEAR PILOT II,,WDA5087,90.0
366816340,2020-01-01T06:01:09,33.91672,-78.02336,0.0,281.5,511.0,CAPE FEAR PILOT II,,WDA5087,90.0
366816340,2020-01-01T06:02:18,33.91673,-78.02336,0.1,287.0,511.0,CAPE FEAR PILOT II,,WDA5087,90.0
366816340,2020-01-01T06:03:29,33.91672,-78.02333,0.0,278.3,511.0,CAPE FEAR PILOT II,,WDA5087,90.0
366816340,2020-01-01T06:04:59,33.91675,-78.02332,0.0,286.5,511.0,CAPE FEAR PILOT II,,WDA5087,90.0
366816340,2020-01-01T06:06:09,33.91673,-78.02336,0.0,285.4,511.0,CAPE FEAR PILOT II,,WDA5087,90.0
366816340,2020-01-01T06:07:18,33.91672,-78.02335,0.0,290.1,511.0,CAPE FEAR PILOT II,,WDA5087,90.0
366816340,2020-01-01T06:08:28,33.91673,-78.02335,0.0,292.1,511.0,CAPE FEAR PILOT II,,WDA5087,90.0
366816340,2020-01-01T06:09:40,33.91673,-78.02336,0.1,286.1,511.0,CAPE FEAR PILOT II,,WDA5087,90.0
366816340,2020-01-01T06:10:48,33.91673,-78.02335,0.0,293.5,511.0,CAPE FEAR PILOT II,,WDA5087,90.0
366816340,2020-01-01T06:11:59,33.91674,-78.02336,0.0,287.3,511.0,CAPE FEAR PILOT II,,WDA5087,90.0
366816340,2020-01-01T06:13:09,33.91676,-78.02337,0.0,283.6,511.0,CAPE FEAR PILOT II,,WDA5087,90.0
366816340,2020-01-01T06:14:38,33.91676,-78.02334,0.0,290.1,511.0,CAPE FEAR PILOT II,,WDA5087,90.0
366816340,2020-01-01T06:15:48,33.91674,-78.02335,0.0,287.6,511.0,CAPE FEAR PILOT II,,WDA5087,90.0
366816340,2020-01-01T06:17:09,33.91674,-78.02335,0.0,282.8,511.0,CAPE FEAR PILOT II,,WDA5087,90.0
366816340,2020-01-01T06:18:39,33.91676,-78.02331,0.0,269.4,511.0,CAPE FEAR PILOT II,,WDA5087,90.0
366816340,2020-01-01T06:19:48,33.91677,-78.02333,0.0,261.3,511.0,CAPE FEAR PILOT II,,WDA5087,90.0
366816340,2020-01-01T06:20:59,33.91674,-78.02338,0.0,261.2,511.0,CAPE FEAR PILOT II,,WDA5087,90.0
366816340,2020-01-01T06:22:09,33.91673,-78.02337,0.0,254.4,511.0,CAPE FEAR PILOT II,,WDA5087,90.0
366816340,2020-01-01T06:23:10,33.91672,-78.02337,0.2,260.0,511.0,CAPE FEAR PILOT II,,WDA5087,90.0
366816340,2020-01-01T06:24:20,33.91674,-78.02332,0.0,256.2,511.0,CAPE FEAR PILOT II,,WDA5087,90.0
366816340,2020-01-01T06:26:09,33.91674,-78.02337,0.0,237.9,511.0,CAPE FEAR PILOT II,,WDA5087,90.0
366816340,2020-01-01T06:27:48,33.91673,-78.02339,0.0,237.9,511.0,CAPE FEAR PILOT II,,WDA5087,90.0
366816340,2020-01-01T06:28:58,33.91673,-78.02336,0.0,235.5,511.0,CAPE FEAR PILOT II,,WDA5087,90.0
366816340,2020-01-01T06:29:59,33.91674,-78.02333,0.0,214.6,511.0,CAPE FEAR PILOT II,,WDA5087,90.0
366816340,2020-01-01T06:31:09,33.91675,-78.02331,0.0,227.2,511.0,CAPE FEAR PILOT II,,WDA5087,90.0
366816340,2020-01-01T06:32:18,33.91674,-78.02334,0.0,228.3,511.0,CAPE FEAR PILOT II,,WDA5087,90.0
366816340,2020-01-01T06:34:39,33.91675,-78.02333,0.0,241.0,511.0,CAPE FEAR PILOT II,,WDA5087,90.0
366816340,2020-01-01T06:36:39,33.91673,-78.02336,0.0,241.3,511.0,CAPE FEAR PILOT II,,WDA5087,90.0
366816340,2020-01-01T06:37:48,33.91673,-78.02336,0.1,238.9,511.0,CAPE FEAR PILOT II,,WDA5087,90.0
366816340,2020-01-01T06:38:59,33.91674,-78.02339,0.4,251.7,511.0,CAPE FEAR PILOT II,,WDA5087,90.0
366816340,2020-01-01T06:40:09,33.91657,-78.02371,2.6,305.3,511.0,CAPE FEAR PILOT II,,WDA5087,90.0
366816340,2020-01-01T06:41:19,33.91674,-78.02334,0.6,70.0,511.0,CAPE FEAR PILOT II,,WDA5087,90.0
366816340,2020-01-01T06:42:28,33.91663,-78.02359,4.9,173.1,511.0,CAPE FEAR PILOT II,,WDA5087,90.0
366816340,2020-01-01T06:43:30,33.91522,-78.02254,8.5,95.5,511.0,CAPE FEAR PILOT II,,WDA5087,90.0
366816340,2020-01-01T06:45:53,33.90938,-78.01965,14.8,182.1,511.0,CAPE FEAR PILOT II,,WDA5087,90.0
366816340,2020-01-01T06:49:10,33.89718,-78.01227,15.4,135.4,511.0,CAPE FEAR PILOT II,,WDA5087,90.0
366816340,2020-01-01T06:50:59,33.89212,-78.00792,12.8,152.3,511.0,CAPE FEAR PILOT II,,WDA5087,90.0
366816340,2020-01-01T06:52:59,33.88549,-78.00627,12.8,185.2,511.0,CAPE FEAR PILOT II,,WDA5087,90.0
366816340,2020-01-01T06:56:21,33.87203,-78.00974,15.9,217.3,511.0,CAPE FEAR PILOT II,,WDA5087,90.0
366816340,2020-01-01T06:57:39,33.86825,-78.0138,13.3,224.5,511.0,CAPE FEAR PILOT II,,WDA5087,90.0
366816340,2020-01-01T06:58:44,33.86524,-78.01687,10.8,221.2,511.0,CAPE FEAR PILOT II,,WDA5087,90.0
366816340,2020-01-01T06:59:50,33.8623,-78.01966,10.9,207.8,511.0,CAPE FEAR PILOT II,,WDA5087,90.0
366816340,2020-01-01T07:00:02,33.86173,-78.02006,11.5,214.3,511.0,CAPE FEAR PILOT II,,WDA5087,90.0
366816340,2020-01-01T07:01:09,33.85846,-78.02224,13.5,211.0,511.0,CAPE FEAR PILOT II,,WDA5087,90.0
366816340,2020-01-01T07:02:15,33.85492,-78.02392,11.6,203.7,511.0,CAPE FEAR PILOT II,,WDA5087,90.0
366816340,2020-01-01T07:03:26,33.85045,-78.02545,14.1,188.0,511.0,CAPE FEAR PILOT II,,WDA5087,90.0
366816340,2020-01-01T07:04:33,33.84608,-78.02679,15.1,196.2,511.0,CAPE FEAR PILOT II,,WDA5087,90.0
366816340,2020-01-01T07:05:38,33.84195,-78.02818,14.7,200.9,511.0,CAPE FEAR PILOT II,,WDA5087,90.0
366816340,2020-01-01T07:07:02,33.83659,-78.02984,11.9,198.0,511.0,CAPE FEAR PILOT II,,WDA5087,90.0
366816340,2020-01-01T07:08:09,33.83247,-78.03126,13.7,184.1,511.0,CAPE FEAR PILOT II,,WDA5087,90.0
366816340,2020-01-01T07:09:32,33.82697,-78.03308,15.9,199.3,511.0,CAPE FEAR PILOT II,,WDA5087,90.0
366816340,2020-01-01T07:11:02,33.82079,-78.03499,15.1,191.0,511.0,CAPE FEAR PILOT II,,WDA5087,90.0
366816340,2020-01-01T07:12:09,33.81633,-78.03657,12.8,191.9,511.0,CAPE FEAR PILOT II,,WDA5087,90.0
366816340,2020-01-01T07:13:32,33.81124,-78.03807,11.7,196.1,511.0,CAPE FEAR PILOT II,,WDA5087,90.0
366816340,2020-01-01T07:14:45,33.80721,-78.03921,12.5,191.1,511.0,CAPE FEAR PILOT II,,WDA5087,90.0
366816340,2020-01-01T07:15:57,33.80302,-78.04058,15.3,197.2,511.0,CAPE FEAR PILOT II,,WDA5087,90.0
366816340,2020-01-01T07:17:15,33.79803,-78.04212,14.3,191.3,511.0,CAPE FEAR PILOT II,,WDA5087,90.0
366816340,2020-01-01T07:18:20,33.79372,-78.04345,14.9,191.8,511.0,CAPE FEAR PILOT II,,WDA5087,90.0
366816340,2020-01-01T07:19:26,33.7889,-78.04481,17.8,189.3,511.0,CAPE FEAR PILOT II,,WDA5087,90.0
366816340,2020-01-01T07:20:45,33.78305,-78.04669,14.1,195.2,511.0,CAPE FEAR PILOT II,,WDA5087,90.0
366816340,2020-01-01T07:22:09,33.77867,-78.04731,11.8,177.5,511.0,CAPE FEAR PILOT II,,WDA5087,90.0
366816340,2020-01-01T07:23:27,33.77506,-78.047,8.9,173.4,511.0,CAPE FEAR PILOT II,,WDA5087,90.0
366816340,2020-01-01T07:24:30,33.77244,-78.04656,8.2,170.0,511.0,CAPE FEAR PILOT II,,WDA5087,90.0
366816340,2020-01-01T07:26:27,33.77544,-78.04273,21.7,14.6,511.0,CAPE FEAR PILOT II,,WDA5087,90.0
366816340,2020-01-01T07:27:32,33.78125,-78.04206,20.0,359.2,511.0,CAPE FEAR PILOT II,,WDA5087,90.0
366816340,2020-01-01T07:28:38,33.78708,-78.04168,21.2,0.4,511.0,CAPE FEAR PILOT II,,WDA5087,90.0
366816340,2020-01-01T07:29:44,33.79308,-78.04199,20.7,350.8,511.0,CAPE FEAR PILOT II,,WDA5087,90.0
366816340,2020-01-01T07:30:51,33.79918,-78.04194,20.3,6.1,511.0,CAPE FEAR PILOT II,,WDA5087,90.0
366816340,2020-01-01T07:31:57,33.80497,-78.04042,19.0,20.3,511.0,CAPE FEAR PILOT II,,WDA5087,90.0
366816340,2020-01-01T07:32:59,33.81004,-78.03824,17.7,25.0,511.0,CAPE FEAR PILOT II,,WDA5087,90.0
366816340,2020-01-01T07:34:01,33.81547,-78.03695,18.2,4.5,511.0,CAPE FEAR PILOT II,,WDA5087,90.0
366816340,2020-01-01T07:36:07,33.82613,-78.03465,19.3,15.7,511.0,CAPE FEAR PILOT II,,WDA5087,90.0
366816340,2020-01-01T07:37:13,33.83234,-78.03366,19.6,21.4,511.0,CAPE FEAR PILOT II,,WDA5087,90.0
366816340,2020-01-01T07:38:19,33.83759,-78.03073,19.9,22.8,511.0,CAPE FEAR PILOT II,,WDA5087,90.0
366816340,2020-01-01T07:39:25,33.84325,-78.0284,18.4,17.1,511.0,CAPE FEAR PILOT II,,WDA5087,90.0
366816340,2020-01-01T07:41:25,33.85347,-78.02504,18.4,24.8,511.0,CAPE FEAR PILOT II,,WDA5087,90.0
366816340,2020-01-01T07:42:43,33.86006,-78.02266,19.5,32.1,511.0,CAPE FEAR PILOT II,,WDA5087,90.0
366816340,2020-01-01T07:45:25,33.86991,-78.01178,17.0,36.9,511.0,CAPE FEAR PILOT II,,WDA5087,90.0
366816340,2020-01-01T07:46:31,33.87501,-78.00893,18.9,20.4,511.0,CAPE FEAR PILOT II,,WDA5087,90.0
366816340,2020-01-01T07:47:37,33.88057,-78.00711,18.6,9.5,511.0,CAPE FEAR PILOT II,,WDA5087,90.0
366816340,2020-01-01T07:49:43,33.89115,-78.00837,18.6,328.9,511.0,CAPE FEAR PILOT II,,WDA5087,90.0
366816340,2020-01-01T07:51:13,33.89789,-78.01333,19.0,326.2,511.0,CAPE FEAR PILOT II,,WDA5087,90.0
366816340,2020-01-01T07:53:07,33.90651,-78.01872,19.0,4.1,511.0,CAPE FEAR PILOT II,,WDA5087,90.0
366816340,2020-01-01T07:55:07,33.91517,-78.02055,9.8,275.5,511.0,CAPE FEAR PILOT II,,WDA5087,90.0
366816340,2020-01-01T07:56:19,33.91541,-78.02308,5.1,292.0,511.0,CAPE FEAR PILOT II,,WDA5087,90.0
366816340,2020-01-01T07:57:37,33.91669,-78.02345,0.6,44.3,511.0,CAPE FEAR PILOT II,,WDA5087,90.0
366816340,2020-01-01T07:58:42,33.91672,-78.02335,0.3,128.3,511.0,CAPE FEAR PILOT II,,WDA5087,90.0
366816340,2020-01-01T07:59:51,33.91671,-78.02334,0.0,117.9,511.0,CAPE FEAR PILOT II,,WDA5087,90.0
366816340,2020-01-01T08:00:01,33.91672,-78.02334,0.0,117.5,511.0,CAPE FEAR PILOT II,,WDA5087,90.0
366816340,2020-01-01T08:01:11,33.91672,-78.02335,0.1,112.4,511.0,CAPE FEAR PILOT II,,WDA5087,90.0
366816340,2020-01-01T08:02:21,33.91671,-78.02336,0.0,113.8,511.0,CAPE FEAR PILOT II,,WDA5087,90.0
366816340,2020-01-01T08:03:31,33.91676,-78.02334,0.0,115.2,511.0,CAPE FEAR PILOT II,,WDA5087,90.0
366816340,2020-01-01T08:04:42,33.91675,-78.02335,0.0,133.8,511.0,CAPE FEAR PILOT II,,WDA5087,90.0
366816340,2020-01-01T08:05:50,33.91675,-78.02336,0.0,159.6,511.0,CAPE FEAR PILOT II,,WDA5087,90.0
366816340,2020-01-01T08:07:00,33.91674,-78.02336,0.0,184.1,511.0,CAPE FEAR PILOT II,,WDA5087,90.0
366816340,2020-01-01T08:08:01,33.91676,-78.02333,0.0,202.0,511.0,CAPE FEAR PILOT II,,WDA5087,90.0
366816340,2020-01-01T08:09:12,33.91672,-78.02335,0.0,212.2,511.0,CAPE FEAR PILOT II,,WDA5087,90.0
366816340,2020-01-01T08:10:31,33.91672,-78.02334,0.0,224.2,511.0,CAPE FEAR PILOT II,,WDA5087,90.0
366816340,2020-01-01T08:11:41,33.91672,-78.02337,0.0,236.5,511.0,CAPE FEAR PILOT II,,WDA5087,90.0
366816340,2020-01-01T08:12:50,33.91674,-78.02335,0.0,249.0,511.0,CAPE FEAR PILOT II,,WDA5087,90.0
366816340,2020-01-01T08:14:01,33.91674,-78.02335,0.0,250.4,511.0,CAPE FEAR PILOT II,,WDA5087,90.0
366816340,2020-01-01T08:15:11,33.91673,-78.02337,0.0,253.6,511.0,CAPE FEAR PILOT II,,WDA5087,90.0
366816340,2020-01-01T08:16:21,33.91673,-78.02336,0.0,259.9,511.0,CAPE FEAR PILOT II,,WDA5087,90.0
366816340,2020-01-01T08:17:32,33.91675,-78.02333,0.0,259.5,511.0,CAPE FEAR PILOT II,,WDA5087,90.0
366816340,2020-01-01T08:18:41,33.91675,-78.02333,0.0,263.1,511.0,CAPE FEAR PILOT II,,WDA5087,90.0
366816340,2020-01-01T08:19:51,33.91672,-78.02335,0.0,265.3,511.0,CAPE FEAR PILOT II,,WDA5087,90.0
366816340,2020-01-01T08:21:00,33.91673,-78.02336,0.0,269.9,511.0,CAPE FEAR PILOT II,,WDA5087,90.0
366816340,2020-01-01T08:22:12,33.91676,-78.02335,0.0,269.3,511.0,CAPE FEAR PILOT II,,WDA5087,90.0
366816340,2020-01-01T08:23:20,33.91673,-78.02339,0.0,272.8,511.0,CAPE FEAR PILOT II,,WDA5087,90.0
366816340,2020-01-01T08:24:31,33.91673,-78.02336,0.0,274.4,511.0,CAPE FEAR PILOT II,,WDA5087,90.0
366816340,2020-01-01T08:25:41,33.91674,-78.02334,0.0,273.3,511.0,CAPE FEAR PILOT II,,WDA5087,90.0
366816340,2020-01-01T08:27:10,33.91673,-78.02336,0.0,277.1,511.0,CAPE FEAR PILOT II,,WDA5087,90.0
366816340,2020-01-01T08:28:22,33.91671,-78.02335,0.0,285.1,511.0,CAPE FEAR PILOT II,,WDA5087,90.0
366816340,2020-01-01T08:30:10,33.9167,-78.02335,0.0,280.7,511.0,CAPE FEAR PILOT II,,WDA5087,90.0
366816340,2020-01-01T08:32:01,33.91673,-78.02335,0.0,280.4,511.0,CAPE FEAR PILOT II,,WDA5087,90.0
366816340,2020-01-01T08:33:10,33.91671,-78.02335,0.0,273.0,511.0,CAPE FEAR PILOT II,,WDA5087,90.0
366816340,2020-01-01T08:34:51,33.91672,-78.02335,0.0,265.1,511.0,CAPE FEAR PILOT II,,WDA5087,90.0
366816340,2020-01-01T08:36:01,33.9167,-78.02334,0.0,259.8,511.0,CAPE FEAR PILOT II,,WDA5087,90.0
366816340,2020-01-01T08:37:11,33.91672,-78.02335,0.0,257.4,511.0,CAPE FEAR PILOT II,,WDA5087,90.0
366816340,2020-01-01T08:38:40,33.91672,-78.02335,0.0,254.5,511.0,CAPE FEAR PILOT II,,WDA5087,90.0
366816340,2020-01-01T08:39:50,33.91673,-78.02333,0.0,254.7,511.0,CAPE FEAR PILOT II,,WDA5087,90.0
366816340,2020-01-01T08:41:50,33.91671,-78.02335,0.0,259.2,511.0,CAPE FEAR PILOT II,,WDA5087,90.0
366816340,2020-01-01T08:43:20,33.9167,-78.02332,0.0,251.0,511.0,CAPE FEAR PILOT II,,WDA5087,90.0
366816340,2020-01-01T08:44:30,33.91671,-78.02334,0.0,252.5,511.0,CAPE FEAR PILOT II,,WDA5087,90.0
366816340,2020-01-01T08:45:40,33.91672,-78.0233,0.0,253.4,511.0,CAPE FEAR PILOT II,,WDA5087,90.0
366816340,2020-01-01T08:48:20,33.91672,-78.02334,0.0,257.1,511.0,CAPE FEAR PILOT II,,WDA5087,90.0
366816340,2020-01-01T08:49:31,33.91672,-78.02335,0.0,260.0,511.0,CAPE FEAR PILOT II,,WDA5087,90.0
366816340,2020-01-01T08:50:40,33.91671,-78.02334,0.0,258.0,511.0,CAPE FEAR PILOT II,,WDA5087,90.0
366816340,2020-01-01T08:53:00,33.91671,-78.02335,0.0,262.9,511.0,CAPE FEAR PILOT II,,WDA5087,90.0
366816340,2020-01-01T08:54:40,33.91672,-78.02333,0.0,264.9,511.0,CAPE FEAR PILOT II,,WDA5087,90.0
366816340,2020-01-01T08:55:50,33.91674,-78.02335,0.0,267.1,511.0,CAPE FEAR PILOT II,,WDA5087,90.0
366816340,2020-01-01T08:57:01,33.91674,-78.02333,0.0,259.7,511.0,CAPE FEAR PILOT II,,WDA5087,90.0
366816340,2020-01-01T08:58:11,33.91675,-78.02334,0.0,265.0,511.0,CAPE FEAR PILOT II,,WDA5087,90.0
366816340,2020-01-01T08:59:20,33.91674,-78.02333,0.0,263.0,511.0,CAPE FEAR PILOT II,,WDA5087,90.0
366816340,2020-01-01T09:00:01,33.91673,-78.02334,0.0,265.6,511.0,CAPE FEAR PILOT II,,WDA5087,90.0
366816340,2020-01-01T09:01:11,33.91672,-78.02336,0.0,262.5,511.0,CAPE FEAR PILOT II,,WDA5087,90.0
366816340,2020-01-01T09:02:21,33.91672,-78.02336,0.0,261.9,511.0,CAPE FEAR PILOT II,,WDA5087,90.0
366816340,2020-01-01T09:03:32,33.91671,-78.02335,0.0,257.7,511.0,CAPE FEAR PILOT II,,WDA5087,90.0
366816340,2020-01-01T09:04:40,33.91672,-78.02334,0.0,253.1,511.0,CAPE FEAR PILOT II,,WDA5087,90.0
366816340,2020-01-01T09:05:51,33.91673,-78.02334,0.0,253.5,511.0,CAPE FEAR PILOT II,,WDA5087,90.0
366816340,2020-01-01T09:07:01,33.91672,-78.02337,0.0,252.2,511.0,CAPE FEAR PILOT II,,WDA5087,90.0
366816340,2020-01-01T09:08:12,33.91673,-78.02336,0.0,248.5,511.0,CAPE FEAR PILOT II,,WDA5087,90.0
366816340,2020-01-01T09:09:21,33.91672,-78.02335,0.0,243.9,511.0,CAPE FEAR PILOT II,,WDA5087,90.0
366816340,2020-01-01T09:10:30,33.91672,-78.02334,0.0,250.7,511.0,CAPE FEAR PILOT II,,WDA5087,90.0
366816340,2020-01-01T09:12:01,33.91672,-78.02335,0.0,248.2,511.0,CAPE FEAR PILOT II,,WDA5087,90.0
366816340,2020-01-01T09:13:10,33.91673,-78.02335,0.0,241.8,511.0,CAPE FEAR PILOT II,,WDA5087,90.0
366816340,2020-01-01T09:14:20,33.91673,-78.02334,0.0,240.4,511.0,CAPE FEAR PILOT II,,WDA5087,90.0
366816340,2020-01-01T09:16:10,33.91672,-78.02335,0.0,233.0,511.0,CAPE FEAR PILOT II,,WDA5087,90.0
366816340,2020-01-01T09:17:20,33.91673,-78.02335,0.0,231.6,511.0,CAPE FEAR PILOT II,,WDA5087,90.0
366816340,2020-01-01T09:18:31,33.91674,-78.02335,0.0,230.3,511.0,CAPE FEAR PILOT II,,WDA5087,90.0
366816340,2020-01-01T09:19:40,33.91672,-78.02336,0.0,228.9,511.0,CAPE FEAR PILOT II,,WDA5087,90.0
366816340,2020-01-01T09:21:51,33.91672,-78.02333,0.0,233.6,511.0,CAPE FEAR PILOT II,,WDA5087,90.0
366816340,2020-01-01T09:24:01,33.91673,-78.02335,0.0,237.9,511.0,CAPE FEAR PILOT II,,WDA5087,90.0
366816340,2020-01-01T09:25:10,33.91672,-78.02334,0.0,235.9,511.0,CAPE FEAR PILOT II,,WDA5087,90.0
366816340,2020-01-01T09:26:21,33.91672,-78.02335,0.0,243.0,511.0,CAPE FEAR PILOT II,,WDA5087,90.0
366816340,2020-01-01T09:27:31,33.91674,-78.02333,0.0,243.7,511.0,CAPE FEAR PILOT II,,WDA5087,90.0
366816340,2020-01-01T09:29:01,33.91672,-78.02334,0.0,252.4,511.0,CAPE FEAR PILOT II,,WDA5087,90.0
366816340,2020-01-01T09:31:01,33.91674,-78.02335,0.0,254.1,511.0,CAPE FEAR PILOT II,,WDA5087,90.0
366816340,2020-01-01T09:32:31,33.91674,-78.02334,0.0,261.3,511.0,CAPE FEAR PILOT II,,WDA5087,90.0
366816340,2020-01-01T09:34:31,33.91674,-78.02337,0.0,256.3,511.0,CAPE FEAR PILOT II,,WDA5087,90.0
366816340,2020-01-01T09:36:01,33.91672,-78.02336,0.0,252.7,511.0,CAPE FEAR PILOT II,,WDA5087,90.0
366816340,2020-01-01T09:37:10,33.91672,-78.02334,0.0,249.9,511.0,CAPE FEAR PILOT II,,WDA5087,90.0
366816340,2020-01-01T09:38:20,33.91673,-78.02335,0.0,250.9,511.0,CAPE FEAR PILOT II,,WDA5087,90.0
366816340,2020-01-01T09:39:30,33.91671,-78.02334,0.0,251.9,511.0,CAPE FEAR PILOT II,,WDA5087,90.0
366816340,2020-01-01T09:42:41,33.91671,-78.02334,0.0,254.4,511.0,CAPE FEAR PILOT II,,WDA5087,90.0
366816340,2020-01-01T09:43:52,33.91673,-78.02335,0.0,248.8,511.0,CAPE FEAR PILOT II,,WDA5087,90.0
366816340,2020-01-01T09:46:50,33.91673,-78.02335,0.0,233.5,511.0,CAPE FEAR PILOT II,,WDA5087,90.0
366816340,2020-01-01T09:48:41,33.91671,-78.02336,0.0,231.2,511.0,CAPE FEAR PILOT II,,WDA5087,90.0
366816340,2020-01-01T09:50:21,33.91674,-78.02336,0.0,226.6,511.0,CAPE FEAR PILOT II,,WDA5087,90.0
366816340,2020-01-01T09:51:32,33.91673,-78.02336,0.0,227.9,511.0,CAPE FEAR PILOT II,,WDA5087,90.0
366816340,2020-01-01T09:52:41,33.91674,-78.02337,0.0,223.7,511.0,CAPE FEAR PILOT II,,WDA5087,90.0
366816340,2020-01-01T09:53:51,33.91673,-78.02338,0.0,222.4,511.0,CAPE FEAR PILOT II,,WDA5087,90.0
366816340,2020-01-01T09:55:00,33.91674,-78.02338,0.0,225.5,511.0,CAPE FEAR PILOT II,,WDA5087,90.0
366816340,2020-01-01T09:58:10,33.91673,-78.02336,0.0,231.9,511.0,CAPE FEAR PILOT II,,WDA5087,90.0
366816340,2020-01-01T09:59:31,33.91672,-78.02336,0.0,230.8,511.0,CAPE FEAR PILOT II,,WDA5087,90.0
366816340,2020-01-01T10:00:01,33.91671,-78.02338,0.0,229.4,511.0,CAPE FEAR PILOT II,,WDA5087,90.0
366816340,2020-01-01T10:01:11,33.91674,-78.02334,0.0,231.3,511.0,CAPE FEAR PILOT II,,WDA5087,90.0
366816340,2020-01-01T10:02:31,33.91672,-78.02335,0.0,228.3,511.0,CAPE FEAR PILOT II,,WDA5087,90.0
366816340,2020-01-01T10:03:42,33.91674,-78.02333,0.0,229.1,511.0,CAPE FEAR PILOT II,,WDA5087,90.0
366816340,2020-01-01T10:04:52,33.91673,-78.02333,0.0,228.2,511.0,CAPE FEAR PILOT II,,WDA5087,90.0
366816340,2020-01-01T10:06:01,33.91672,-78.02333,0.0,228.8,511.0,CAPE FEAR PILOT II,,WDA5087,90.0
366816340,2020-01-01T10:07:11,33.91673,-78.02334,0.0,233.4,511.0,CAPE FEAR PILOT II,,WDA5087,90.0
366816340,2020-01-01T10:08:30,33.91674,-78.02335,0.0,227.3,511.0,CAPE FEAR PILOT II,,WDA5087,90.0
366816340,2020-01-01T10:09:40,33.91674,-78.02335,0.0,232.3,511.0,CAPE FEAR PILOT II,,WDA5087,90.0
366816340,2020-01-01T10:10:51,33.91674,-78.02336,0.0,223.5,511.0,CAPE FEAR PILOT II,,WDA5087,90.0
366816340,2020-01-01T10:12:01,33.91672,-78.02336,0.0,227.0,511.0,CAPE FEAR PILOT II,,WDA5087,90.0
366816340,2020-01-01T10:13:10,33.91676,-78.02334,0.0,234.1,511.0,CAPE FEAR PILOT II,,WDA5087,90.0
366816340,2020-01-01T10:14:20,33.91674,-78.02332,0.0,234.2,511.0,CAPE FEAR PILOT II,,WDA5087,90.0
366816340,2020-01-01T10:15:31,33.91671,-78.02333,0.0,239.4,511.0,CAPE FEAR PILOT II,,WDA5087,90.0
366816340,2020-01-01T10:16:41,33.91671,-78.02333,0.0,240.7,511.0,CAPE FEAR PILOT II,,WDA5087,90.0
366816340,2020-01-01T10:17:50,33.91672,-78.02335,0.0,235.5,511.0,CAPE FEAR PILOT II,,WDA5087,90.0
366816340,2020-01-01T10:19:21,33.9167,-78.02331,0.0,228.1,511.0,CAPE FEAR PILOT II,,WDA5087,90.0
366816340,2020-01-01T10:20:40,33.91669,-78.02332,0.0,221.2,511.0,CAPE FEAR PILOT II,,WDA5087,90.0
366816340,2020-01-01T10:22:21,33.91669,-78.02334,0.0,233.4,511.0,CAPE FEAR PILOT II,,WDA5087,90.0
366816340,2020-01-01T10:23:31,33.91675,-78.02335,0.0,255.1,511.0,CAPE FEAR PILOT II,,WDA5087,90.0
366816340,2020-01-01T10:25:10,33.91677,-78.0233,0.0,270.2,511.0,CAPE FEAR PILOT II,,WDA5087,90.0
366816340,2020-01-01T10:26:30,33.91675,-78.02332,0.0,287.2,511.0,CAPE FEAR PILOT II,,WDA5087,90.0
366816340,2020-01-01T10:27:40,33.91672,-78.02334,0.0,296.2,511.0,CAPE FEAR PILOT II,,WDA5087,90.0
366816340,2020-01-01T10:29:10,33.91672,-78.02339,0.0,299.8,511.0,CAPE FEAR PILOT II,,WDA5087,90.0
366816340,2020-01-01T10:30:40,33.91672,-78.02337,0.0,309.7,511.0,CAPE FEAR PILOT II,,WDA5087,90.0
366816340,2020-01-01T10:32:40,33.91673,-78.02337,0.0,322.6,511.0,CAPE FEAR PILOT II,,WDA5087,90.0
366816340,2020-01-01T10:33:51,33.91672,-78.02336,0.0,332.2,511.0,CAPE FEAR PILOT II,,WDA5087,90.0
366816340,2020-01-01T10:35:01,33.91675,-78.02333,0.0,331.4,511.0,CAPE FEAR PILOT II,,WDA5087,90.0
366816340,2020-01-01T10:36:11,33.91672,-78.02335,0.0,305.2,511.0,CAPE FEAR PILOT II,,WDA5087,90.0
366816340,2020-01-01T10:38:40,33.91675,-78.02335,0.0,299.9,511.0,CAPE FEAR PILOT II,,WDA5087,90.0
366816340,2020-01-01T10:40:11,33.91673,-78.02332,0.0,289.9,511.0,CAPE FEAR PILOT II,,WDA5087,90.0
366816340,2020-01-01T10:42:41,33.91674,-78.02332,0.0,296.6,511.0,CAPE FEAR PILOT II,,WDA5087,90.0
366816340,2020-01-01T10:43:50,33.91671,-78.02332,0.0,285.5,511.0,CAPE FEAR PILOT II,,WDA5087,90.0
366816340,2020-01-01T10:45:02,33.91669,-78.02334,0.0,298.3,511.0,CAPE FEAR PILOT II,,WDA5087,90.0
366816340,2020-01-01T10:48:21,33.9167,-78.02333,0.0,296.3,511.0,CAPE FEAR PILOT II,,WDA5087,90.0
366816340,2020-01-01T10:49:31,33.9167,-78.02332,0.0,299.5,511.0,CAPE FEAR PILOT II,,WDA5087,90.0
366816340,2020-01-01T10:52:21,33.91671,-78.02332,0.0,299.0,511.0,CAPE FEAR PILOT II,,WDA5087,90.0
366816340,2020-01-01T10:53:30,33.91665,-78.02333,0.0,294.1,511.0,CAPE FEAR PILOT II,,WDA5087,90.0
366816340,2020-01-01T10:54:41,33.91671,-78.02332,0.1,283.5,511.0,CAPE FEAR PILOT II,,WDA5087,90.0
366816340,2020-01-01T10:55:51,33.91674,-78.02334,0.1,289.9,511.0,CAPE FEAR PILOT II,,WDA5087,90.0
366816340,2020-01-01T10:57:01,33.91672,-78.02335,0.0,276.3,511.0,CAPE FEAR PILOT II,,WDA5087,90.0
366816340,2020-01-01T10:58:10,33.91674,-78.02335,0.0,277.7,511.0,CAPE FEAR PILOT II,,WDA5087,90.0
366816340,2020-01-01T10:59:21,33.91673,-78.02334,0.0,260.4,511.0,CAPE FEAR PILOT II,,WDA5087,90.0
366816340,2020-01-01T11:00:01,33.91675,-78.02334,0.0,264.6,511.0,CAPE FEAR PILOT II,,WDA5087,90.0
366816340,2020-01-01T11:01:10,33.91676,-78.02337,0.0,265.9,511.0,CAPE FEAR PILOT II,,WDA5087,90.0
366816340,2020-01-01T11:02:21,33.91675,-78.02335,0.0,258.5,511.0,CAPE FEAR PILOT II,,WDA5087,90.0
366816340,2020-01-01T11:03:31,33.91676,-78.02332,0.0,255.6,511.0,CAPE FEAR PILOT II,,WDA5087,90.0
366816340,2020-01-01T11:04:51,33.91672,-78.02335,0.0,245.8,511.0,CAPE FEAR PILOT II,,WDA5087,90.0
366816340,2020-01-01T11:06:00,33.91679,-78.02333,0.0,247.8,511.0,CAPE FEAR PILOT II,,WDA5087,90.0
366816340,2020-01-01T11:07:11,33.9168,-78.02331,0.0,250.8,511.0,CAPE FEAR PILOT II,,WDA5087,90.0
366816340,2020-01-01T11:08:40,33.91676,-78.02336,0.0,251.0,511.0,CAPE FEAR PILOT II,,WDA5087,90.0
366816340,2020-01-01T11:09:50,33.91673,-78.02333,0.0,243.2,511.0,CAPE FEAR PILOT II,,WDA5087,90.0
366816340,2020-01-01T11:10:51,33.91672,-78.02333,0.0,244.9,511.0,CAPE FEAR PILOT II,,WDA5087,90.0
366816340,2020-01-01T11:12:00,33.9167,-78.02338,0.0,251.1,511.0,CAPE FEAR PILOT II,,WDA5087,90.0
366816340,2020-01-01T11:13:30,33.91672,-78.02334,0.0,257.4,511.0,CAPE FEAR PILOT II,,WDA5087,90.0
366816340,2020-01-01T11:15:10,33.91671,-78.02336,0.0,260.0,511.0,CAPE FEAR PILOT II,,WDA5087,90.0
366816340,2020-01-01T11:16:21,33.91672,-78.02335,0.0,259.7,511.0,CAPE FEAR PILOT II,,WDA5087,90.0
366816340,2020-01-01T11:18:10,33.91666,-78.02338,0.0,269.2,511.0,CAPE FEAR PILOT II,,WDA5087,90.0
366816340,2020-01-01T11:19:30,33.91671,-78.02336,0.0,266.1,511.0,CAPE FEAR PILOT II,,WDA5087,90.0
366816340,2020-01-01T11:20:41,33.91672,-78.02334,0.0,270.0,511.0,CAPE FEAR PILOT II,,WDA5087,90.0
366816340,2020-01-01T11:21:51,33.91671,-78.02336,0.0,269.6,511.0,CAPE FEAR PILOT II,,WDA5087,90.0
366816340,2020-01-01T11:23:20,33.91673,-78.02335,0.0,270.8,511.0,CAPE FEAR PILOT II,,WDA5087,90.0
366816340,2020-01-01T11:24:30,33.91674,-78.02334,0.0,275.8,511.0,CAPE FEAR PILOT II,,WDA5087,90.0
366816340,2020-01-01T11:25:32,33.91673,-78.02335,0.0,277.4,511.0,CAPE FEAR PILOT II,,WDA5087,90.0
366816340,2020-01-01T11:26:41,33.91672,-78.02334,0.0,279.6,511.0,CAPE FEAR PILOT II,,WDA5087,90.0
366816340,2020-01-01T11:28:10,33.91672,-78.02334,0.0,285.8,511.0,CAPE FEAR PILOT II,,WDA5087,90.0
366816340,2020-01-01T11:30:10,33.91672,-78.02333,0.0,288.0,511.0,CAPE FEAR PILOT II,,WDA5087,90.0
366816340,2020-01-01T11:31:20,33.91672,-78.02335,0.0,290.7,511.0,CAPE FEAR PILOT II,,WDA5087,90.0
366816340,2020-01-01T11:32:31,33.91672,-78.02333,0.0,292.3,511.0,CAPE FEAR PILOT II,,WDA5087,90.0
366816340,2020-01-01T11:35:10,33.91675,-78.02336,0.1,283.1,511.0,CAPE FEAR PILOT II,,WDA5087,90.0
366816340,2020-01-01T11:36:21,33.91673,-78.02335,0.0,266.3,511.0,CAPE FEAR PILOT II,,WDA5087,90.0
366816340,2020-01-01T11:38:11,33.91673,-78.02338,0.0,250.7,511.0,CAPE FEAR PILOT II,,WDA5087,90.0
366816340,2020-01-01T11:40:11,33.91673,-78.02334,0.0,242.1,511.0,CAPE FEAR PILOT II,,WDA5087,90.0
366816340,2020-01-01T11:41:40,33.91673,-78.02338,0.0,246.1,511.0,CAPE FEAR PILOT II,,WDA5087,90.0
366816340,2020-01-01T11:42:50,33.91672,-78.02336,0.0,247.1,511.0,CAPE FEAR PILOT II,,WDA5087,90.0
366816340,2020-01-01T11:44:00,33.91673,-78.02335,0.0,262.0,511.0,CAPE FEAR PILOT II,,WDA5087,90.0
366816340,2020-01-01T11:46:40,33.91672,-78.02335,0.0,253.0,511.0,CAPE FEAR PILOT II,,WDA5087,90.0
366816340,2020-01-01T11:48:31,33.91672,-78.02334,0.0,258.0,511.0,CAPE FEAR PILOT II,,WDA5087,90.0
366816340,2020-01-01T11:49:50,33.91672,-78.02335,0.0,260.1,511.0,CAPE FEAR PILOT II,,WDA5087,90.0
366816340,2020-01-01T11:50:51,33.91673,-78.02336,0.0,258.5,511.0,CAPE FEAR PILOT II,,WDA5087,90.0
366816340,2020-01-01T11:52:31,33.91673,-78.02334,0.0,256.6,511.0,CAPE FEAR PILOT II,,WDA5087,90.0
366816340,2020-01-01T11:55:51,33.91671,-78.02334,0.0,266.5,511.0,CAPE FEAR PILOT II,,WDA5087,90.0
366816340,2020-01-01T11:57:51,33.91674,-78.02331,0.0,263.5,511.0,CAPE FEAR PILOT II,,WDA5087,90.0
366816340,2020-01-01T11:59:01,33.91672,-78.02335,0.0,262.8,511.0,CAPE FEAR PILOT II,,WDA5087,90.0
366816340,2020-01-01T12:00:01,33.91672,-78.02333,0.0,256.8,511.0,CAPE FEAR PILOT II,,WDA5087,90.0
366816340,2020-01-01T12:01:11,33.91673,-78.02335,0.0,252.9,511.0,CAPE FEAR PILOT II,,WDA5087,90.0
366816340,2020-01-01T12:02:12,33.91673,-78.02335,0.0,253.7,511.0,CAPE FEAR PILOT II,,WDA5087,90.0
366816340,2020-01-01T12:03:21,33.91672,-78.02336,0.0,264.7,511.0,CAPE FEAR PILOT II,,WDA5087,90.0
366816340,2020-01-01T12:04:30,33.91673,-78.02333,0.0,268.8,511.0,CAPE FEAR PILOT II,,WDA5087,90.0
366816340,2020-01-01T12:05:50,33.91674,-78.02333,0.0,264.5,511.0,CAPE FEAR PILOT II,,WDA5087,90.0
366816340,2020-01-01T12:07:11,33.91673,-78.0233,0.0,264.2,511.0,CAPE FEAR PILOT II,,WDA5087,90.0
366816340,2020-01-01T12:08:31,33.91672,-78.02333,0.0,265.3,511.0,CAPE FEAR PILOT II,,WDA5087,90.0
366816340,2020-01-01T12:09:41,33.91673,-78.02334,0.0,266.6,511.0,CAPE FEAR PILOT II,,WDA5087,90.0
366816340,2020-01-01T12:10:50,33.91672,-78.02332,0.0,270.4,511.0,CAPE FEAR PILOT II,,WDA5087,90.0
366816340,2020-01-01T12:12:01,33.91674,-78.02334,0.0,273.3,511.0,CAPE FEAR PILOT II,,WDA5087,90.0
366816340,2020-01-01T12:13:10,33.91673,-78.02333,0.0,273.2,511.0,CAPE FEAR PILOT II,,WDA5087,90.0
366816340,2020-01-01T12:15:00,33.91672,-78.02333,0.0,277.9,511.0,CAPE FEAR PILOT II,,WDA5087,90.0
366816340,2020-01-01T12:16:10,33.91673,-78.02334,0.0,282.4,511.0,CAPE FEAR PILOT II,,WDA5087,90.0
366816340,2020-01-01T12:18:00,33.91672,-78.02332,0.0,276.1,511.0,CAPE FEAR PILOT II,,WDA5087,90.0
366816340,2020-01-01T12:20:00,33.91671,-78.02336,0.0,282.1,511.0,CAPE FEAR PILOT II,,WDA5087,90.0
366816340,2020-01-01T12:21:21,33.91671,-78.02331,0.0,288.5,511.0,CAPE FEAR PILOT II,,WDA5087,90.0
366816340,2020-01-01T12:22:31,33.91671,-78.02334,0.0,286.6,511.0,CAPE FEAR PILOT II,,WDA5087,90.0
366816340,2020-01-01T12:24:21,33.9167,-78.02331,0.0,286.5,511.0,CAPE FEAR PILOT II,,WDA5087,90.0
366816340,2020-01-01T12:25:22,33.91671,-78.02331,0.0,286.1,511.0,CAPE FEAR PILOT II,,WDA5087,90.0
366816340,2020-01-01T12:26:31,33.91672,-78.02332,0.0,285.0,511.0,CAPE FEAR PILOT II,,WDA5087,90.0
366816340,2020-01-01T12:28:31,33.91672,-78.02331,0.0,285.2,511.0,CAPE FEAR PILOT II,,WDA5087,90.0
366816340,2020-01-01T12:30:51,33.91672,-78.02333,0.0,276.7,511.0,CAPE FEAR PILOT II,,WDA5087,90.0
366816340,2020-01-01T12:32:02,33.91669,-78.02332,0.0,280.6,511.0,CAPE FEAR PILOT II,,WDA5087,90.0
366816340,2020-01-01T12:33:51,33.91672,-78.02334,0.0,282.8,511.0,CAPE FEAR PILOT II,,WDA5087,90.0
366816340,2020-01-01T12:35:00,33.91673,-78.02334,0.0,280.7,511.0,CAPE FEAR PILOT II,,WDA5087,90.0
366816340,2020-01-01T12:36:11,33.91671,-78.02333,0.0,279.5,511.0,CAPE FEAR PILOT II,,WDA5087,90.0
366816340,2020-01-01T12:37:20,33.91672,-78.02335,0.0,277.7,511.0,CAPE FEAR PILOT II,,WDA5087,90.0
366816340,2020-01-01T12:40:00,33.91672,-78.02333,0.0,265.6,511.0,CAPE FEAR PILOT II,,WDA5087,90.0
366816340,2020-01-01T12:41:20,33.91673,-78.02333,0.0,263.2,511.0,CAPE FEAR PILOT II,,WDA5087,90.0
366816340,2020-01-01T12:42:31,33.91675,-78.02333,0.0,263.2,511.0,CAPE FEAR PILOT II,,WDA5087,90.0
366816340,2020-01-01T12:43:42,33.9167,-78.02332,0.0,268.8,511.0,CAPE FEAR PILOT II,,WDA5087,90.0
366816340,2020-01-01T12:44:52,33.91672,-78.02335,0.0,265.7,511.0,CAPE FEAR PILOT II,,WDA5087,90.0
366816340,2020-01-01T12:46:01,33.91674,-78.02336,0.0,265.1,511.0,CAPE FEAR PILOT II,,WDA5087,90.0
366816340,2020-01-01T12:47:12,33.91672,-78.02335,0.0,259.6,511.0,CAPE FEAR PILOT II,,WDA5087,90.0
366816340,2020-01-01T12:48:20,33.91674,-78.02334,0.1,262.1,511.0,CAPE FEAR PILOT II,,WDA5087,90.0
366816340,2020-01-01T12:49:31,33.91674,-78.02335,0.0,260.0,511.0,CAPE FEAR PILOT II,,WDA5087,90.0
366816340,2020-01-01T12:50:40,33.91674,-78.02333,0.0,258.3,511.0,CAPE FEAR PILOT II,,WDA5087,90.0
366816340,2020-01-01T12:51:50,33.91672,-78.02332,0.0,264.5,511.0,CAPE FEAR PILOT II,,WDA5087,90.0
366816340,2020-01-01T12:55:01,33.91676,-78.02334,0.0,276.8,511.0,CAPE FEAR PILOT II,,WDA5087,90.0
366816340,2020-01-01T12:58:01,33.91674,-78.02334,0.0,285.0,511.0,CAPE FEAR PILOT II,,WDA5087,90.0
366816340,2020-01-01T12:59:10,33.91673,-78.02335,0.0,282.2,511.0,CAPE FEAR PILOT II,,WDA5087,90.0
366816340,2020-01-01T13:00:00,33.91672,-78.02332,0.0,285.5,511.0,CAPE FEAR PILOT II,,WDA5087,90.0
366816340,2020-01-01T13:01:10,33.91673,-78.02332,0.0,284.8,511.0,CAPE FEAR PILOT II,,WDA5087,90.0
366816340,2020-01-01T13:02:21,33.91672,-78.02336,0.0,286.3,511.0,CAPE FEAR PILOT II,,WDA5087,90.0
366816340,2020-01-01T13:03:31,33.91673,-78.02332,0.1,294.7,511.0,CAPE FEAR PILOT II,,WDA5087,90.0
366816340,2020-01-01T13:04:32,33.91674,-78.02334,0.0,296.9,511.0,CAPE FEAR PILOT II,,WDA5087,90.0
366816340,2020-01-01T13:05:42,33.91674,-78.02336,0.0,294.2,511.0,CAPE FEAR PILOT II,,WDA5087,90.0
366816340,2020-01-01T13:06:51,33.91674,-78.02335,0.0,294.3,511.0,CAPE FEAR PILOT II,,WDA5087,90.0
366816340,2020-01-01T13:08:01,33.91673,-78.02332,0.0,294.0,511.0,CAPE FEAR PILOT II,,WDA5087,90.0
366816340,2020-01-01T13:09:21,33.91676,-78.02329,0.0,281.6,511.0,CAPE FEAR PILOT II,,WDA5087,90.0
366816340,2020-01-01T13:10:51,33.91676,-78.0233,0.0,283.8,511.0,CAPE FEAR PILOT II,,WDA5087,90.0
366816340,2020-01-01T13:12:00,33.91676,-78.02332,0.0,280.9,511.0,CAPE FEAR PILOT II,,WDA5087,90.0
366816340,2020-01-01T13:13:10,33.91676,-78.02335,0.0,278.9,511.0,CAPE FEAR PILOT II,,WDA5087,90.0
366816340,2020-01-01T13:14:50,33.91679,-78.02332,0.0,279.8,511.0,CAPE FEAR PILOT II,,WDA5087,90.0
366816340,2020-01-01T13:16:21,33.91676,-78.02334,0.0,271.6,511.0,CAPE FEAR PILOT II,,WDA5087,90.0
366816340,2020-01-01T13:17:30,33.91677,-78.02332,0.0,272.8,511.0,CAPE FEAR PILOT II,,WDA5087,90.0
366816340,2020-01-01T13:18:41,33.91677,-78.02332,0.0,266.4,511.0,CAPE FEAR PILOT II,,WDA5087,90.0
366816340,2020-01-01T13:19:50,33.91677,-78.02334,0.0,265.6,511.0,CAPE FEAR PILOT II,,WDA5087,90.0
366816340,2020-01-01T13:21:02,33.91675,-78.02332,0.1,269.8,511.0,CAPE FEAR PILOT II,,WDA5087,90.0
366816340,2020-01-01T13:22:41,33.91676,-78.02333,0.0,267.1,511.0,CAPE FEAR PILOT II,,WDA5087,90.0
366816340,2020-01-01T13:23:50,33.91674,-78.02334,0.0,278.8,511.0,CAPE FEAR PILOT II,,WDA5087,90.0
366816340,2020-01-01T13:24:51,33.91675,-78.02333,0.0,277.3,511.0,CAPE FEAR PILOT II,,WDA5087,90.0
366816340,2020-01-01T13:26:40,33.91673,-78.02335,0.0,278.3,511.0,CAPE FEAR PILOT II,,WDA5087,90.0
366816340,2020-01-01T13:28:11,33.91676,-78.02335,0.0,280.0,511.0,CAPE FEAR PILOT II,,WDA5087,90.0
366816340,2020-01-01T13:29:40,33.91673,-78.02334,0.0,270.3,511.0,CAPE FEAR PILOT II,,WDA5087,90.0
366816340,2020-01-01T13:30:51,33.91676,-78.02332,0.1,278.8,511.0,CAPE FEAR PILOT II,,WDA5087,90.0
366816340,2020-01-01T13:32:01,33.91676,-78.02335,0.0,273.4,511.0,CAPE FEAR PILOT II,,WDA5087,90.0
366816340,2020-01-01T13:34:01,33.91675,-78.02336,0.0,265.7,511.0,CAPE FEAR PILOT II,,WDA5087,90.0
366816340,2020-01-01T13:36:01,33.91672,-78.02333,0.0,264.4,511.0,CAPE FEAR PILOT II,,WDA5087,90.0
366816340,2020-01-01T13:37:11,33.91674,-78.02335,0.0,263.1,511.0,CAPE FEAR PILOT II,,WDA5087,90.0
366816340,2020-01-01T13:38:21,33.91672,-78.02336,0.0,271.4,511.0,CAPE FEAR PILOT II,,WDA5087,90.0
366816340,2020-01-01T13:39:32,33.91675,-78.02335,0.1,269.3,511.0,CAPE FEAR PILOT II,,WDA5087,90.0
366816340,2020-01-01T13:40:51,33.91675,-78.02335,0.0,270.1,511.0,CAPE FEAR PILOT II,,WDA5087,90.0
366816340,2020-01-01T13:43:10,33.91671,-78.02333,0.0,273.8,511.0,CAPE FEAR PILOT II,,WDA5087,90.0
366816340,2020-01-01T13:46:00,33.91673,-78.02335,0.1,279.5,511.0,CAPE FEAR PILOT II,,WDA5087,90.0
366816340,2020-01-01T13:47:10,33.91673,-78.02334,0.1,279.2,511.0,CAPE FEAR PILOT II,,WDA5087,90.0
366816340,2020-01-01T13:50:21,33.91672,-78.02336,0.1,282.0,511.0,CAPE FEAR PILOT II,,WDA5087,90.0
366816340,2020-01-01T13:51:40,33.91672,-78.02337,0.0,289.6,511.0,CAPE FEAR PILOT II,,WDA5087,90.0
366816340,2020-01-01T13:52:51,33.91674,-78.02339,0.1,291.8,511.0,CAPE FEAR PILOT II,,WDA5087,90.0
366816340,2020-01-01T13:54:01,33.91672,-78.02336,0.0,273.0,511.0,CAPE FEAR PILOT II,,WDA5087,90.0
366816340,2020-01-01T13:56:50,33.91672,-78.02338,0.1,236.7,511.0,CAPE FEAR PILOT II,,WDA5087,90.0
366816340,2020-01-01T13:58:41,33.91667,-78.02333,0.0,220.8,511.0,CAPE FEAR PILOT II,,WDA5087,90.0
366816340,2020-01-01T13:59:50,33.9167,-78.02335,0.0,223.9,511.0,CAPE FEAR PILOT II,,WDA5087,90.0
366816340,2020-01-01T14:00:02,33.9167,-78.02336,0.0,225.5,511.0,CAPE FEAR PILOT II,,WDA5087,90.0
366816340,2020-01-01T14:01:10,33.91672,-78.02331,0.0,226.6,511.0,CAPE FEAR PILOT II,,WDA5087,90.0
366816340,2020-01-01T14:02:22,33.91673,-78.02333,0.0,226.9,511.0,CAPE FEAR PILOT II,,WDA5087,90.0
366816340,2020-01-01T14:03:31,33.91674,-78.02334,0.0,222.7,511.0,CAPE FEAR PILOT II,,WDA5087,90.0
366816340,2020-01-01T14:04:42,33.91672,-78.02334,0.1,239.2,511.0,CAPE FEAR PILOT II,,WDA5087,90.0
366816340,2020-01-01T14:06:00,33.91669,-78.02336,0.0,227.6,511.0,CAPE FEAR PILOT II,,WDA5087,90.0
366816340,2020-01-01T14:07:10,33.9167,-78.02336,0.1,225.1,511.0,CAPE FEAR PILOT II,,WDA5087,90.0
366816340,2020-01-01T14:08:21,33.91672,-78.02333,0.0,222.8,511.0,CAPE FEAR PILOT II,,WDA5087,90.0
366816340,2020-01-01T14:09:31,33.91673,-78.02335,0.0,221.1,511.0,CAPE FEAR PILOT II,,WDA5087,90.0
366816340,2020-01-01T14:10:41,33.91673,-78.02335,0.1,230.4,511.0,CAPE FEAR PILOT II,,WDA5087,90.0
366816340,2020-01-01T14:11:51,33.91674,-78.02336,0.0,229.2,511.0,CAPE FEAR PILOT II,,WDA5087,90.0
366816340,2020-01-01T14:13:02,33.91674,-78.02335,0.0,224.7,511.0,CAPE FEAR PILOT II,,WDA5087,90.0
366816340,2020-01-01T14:14:51,33.91675,-78.02335,0.0,225.0,511.0,CAPE FEAR PILOT II,,WDA5087,90.0
366816340,2020-01-01T14:16:00,33.91672,-78.02336,0.0,225.9,511.0,CAPE FEAR PILOT II,,WDA5087,90.0
366816340,2020-01-01T14:17:11,33.91674,-78.02336,0.1,244.8,511.0,CAPE FEAR PILOT II,,WDA5087,90.0
366816340,2020-01-01T14:19:11,33.9167,-78.02335,0.1,231.6,511.0,CAPE FEAR PILOT II,,WDA5087,90.0
366816340,2020-01-01T14:20:20,33.91674,-78.02338,0.0,234.4,511.0,CAPE FEAR PILOT II,,WDA5087,90.0
366816340,2020-01-01T14:21:31,33.91674,-78.02338,0.0,228.1,511.0,CAPE FEAR PILOT II,,WDA5087,90.0
366816340,2020-01-01T14:22:51,33.91676,-78.02337,0.0,229.3,511.0,CAPE FEAR PILOT II,,WDA5087,90.0
366816340,2020-01-01T14:24:31,33.91673,-78.02337,0.0,239.1,511.0,CAPE FEAR PILOT II,,WDA5087,90.0
366816340,2020-01-01T14:25:51,33.91672,-78.02336,0.0,241.6,511.0,CAPE FEAR PILOT II,,WDA5087,90.0
366816340,2020-01-01T14:27:01,33.91676,-78.02333,0.1,239.3,511.0,CAPE FEAR PILOT II,,WDA5087,90.0
366816340,2020-01-01T14:28:10,33.91679,-78.02334,0.1,232.7,511.0,CAPE FEAR PILOT II,,WDA5087,90.0
366816340,2020-01-01T14:29:21,33.91676,-78.02332,0.0,226.2,511.0,CAPE FEAR PILOT II,,WDA5087,90.0
366816340,2020-01-01T14:30:31,33.91672,-78.02332,0.0,225.2,511.0,CAPE FEAR PILOT II,,WDA5087,90.0
366816340,2020-01-01T14:31:40,33.91677,-78.02335,0.0,216.7,511.0,CAPE FEAR PILOT II,,WDA5087,90.0
366816340,2020-01-01T14:32:52,33.91671,-78.02334,0.0,213.0,511.0,CAPE FEAR PILOT II,,WDA5087,90.0
366816340,2020-01-01T14:34:10,33.91673,-78.02334,0.0,239.9,511.0,CAPE FEAR PILOT II,,WDA5087,90.0
366816340,2020-01-01T14:35:11,33.91675,-78.02333,0.0,247.4,511.0,CAPE FEAR PILOT II,,WDA5087,90.0
366816340,2020-01-01T14:36:21,33.91672,-78.02337,0.0,253.3,511.0,CAPE FEAR PILOT II,,WDA5087,90.0
366816340,2020-01-01T14:39:00,33.91671,-78.0233,0.0,256.0,511.0,CAPE FEAR PILOT II,,WDA5087,90.0
366816340,2020-01-01T14:41:00,33.91674,-78.02332,0.0,235.4,511.0,CAPE FEAR PILOT II,,WDA5087,90.0
366816340,2020-01-01T14:42:11,33.91672,-78.02332,0.0,246.5,511.0,CAPE FEAR PILOT II,,WDA5087,90.0
366816340,2020-01-01T14:43:21,33.91671,-78.02328,0.0,223.2,511.0,CAPE FEAR PILOT II,,WDA5087,90.0
366816340,2020-01-01T14:44:31,33.91673,-78.02333,0.0,214.6,511.0,CAPE FEAR PILOT II,,WDA5087,90.0
366816340,2020-01-01T14:47:50,33.91674,-78.02335,0.1,233.4,511.0,CAPE FEAR PILOT II,,WDA5087,90.0
366816340,2020-01-01T14:49:02,33.91674,-78.02335,0.1,237.3,511.0,CAPE FEAR PILOT II,,WDA5087,90.0
366816340,2020-01-01T14:50:10,33.91671,-78.02333,0.1,235.9,511.0,CAPE FEAR PILOT II,,WDA5087,90.0
366816340,2020-01-01T14:51:21,33.9167,-78.02334,0.1,247.2,511.0,CAPE FEAR PILOT II,,WDA5087,90.0
366816340,2020-01-01T14:52:32,33.91671,-78.02333,0.0,241.4,511.0,CAPE FEAR PILOT II,,WDA5087,90.0
366816340,2020-01-01T14:53:41,33.91671,-78.02334,0.1,233.1,511.0,CAPE FEAR PILOT II,,WDA5087,90.0
366816340,2020-01-01T14:54:51,33.91678,-78.02334,0.0,225.2,511.0,CAPE FEAR PILOT II,,WDA5087,90.0
366816340,2020-01-01T14:58:30,33.91677,-78.02335,0.0,208.1,511.0,CAPE FEAR PILOT II,,WDA5087,90.0
366816340,2020-01-01T14:59:41,33.91676,-78.02337,0.0,208.8,511.0,CAPE FEAR PILOT II,,WDA5087,90.0
366816340,2020-01-01T15:00:00,33.91676,-78.02337,0.0,207.2,511.0,CAPE FEAR PILOT II,,WDA5087,90.0
366816340,2020-01-01T15:01:11,33.91673,-78.02335,0.0,200.4,511.0,CAPE FEAR PILOT II,,WDA5087,90.0
366816340,2020-01-01T15:02:30,33.91679,-78.02333,0.0,199.9,511.0,CAPE FEAR PILOT II,,WDA5087,90.0
366816340,2020-01-01T15:03:41,33.91677,-78.02335,0.0,194.7,511.0,CAPE FEAR PILOT II,,WDA5087,90.0
366816340,2020-01-01T15:04:51,33.91677,-78.02333,0.1,199.1,511.0,CAPE FEAR PILOT II,,WDA5087,90.0
366816340,2020-01-01T15:06:01,33.91674,-78.02333,0.1,198.6,511.0,CAPE FEAR PILOT II,,WDA5087,90.0
366816340,2020-01-01T15:07:12,33.91677,-78.02332,0.0,192.1,511.0,CAPE FEAR PILOT II,,WDA5087,90.0
366816340,2020-01-01T15:08:30,33.91674,-78.02333,0.1,189.0,511.0,CAPE FEAR PILOT II,,WDA5087,90.0
366816340,2020-01-01T15:09:32,33.9167,-78.02333,0.0,202.8,511.0,CAPE FEAR PILOT II,,WDA5087,90.0
366816340,2020-01-01T15:10:42,33.91674,-78.02335,0.0,227.0,511.0,CAPE FEAR PILOT II,,WDA5087,90.0
366816340,2020-01-01T15:11:51,33.91674,-78.02331,0.0,229.7,511.0,CAPE FEAR PILOT II,,WDA5087,90.0
366816340,2020-01-01T15:13:02,33.91676,-78.02334,0.1,223.4,511.0,CAPE FEAR PILOT II,,WDA5087,90.0
366816340,2020-01-01T15:14:11,33.91675,-78.02334,0.0,231.1,511.0,CAPE FEAR PILOT II,,WDA5087,90.0
366816340,2020-01-01T15:15:21,33.91674,-78.02335,0.2,228.1,511.0,CAPE FEAR PILOT II,,WDA5087,90.0
366816340,2020-01-01T15:16:31,33.91675,-78.02336,0.0,244.0,511.0,CAPE FEAR PILOT II,,WDA5087,90.0
366816340,2020-01-01T15:17:41,33.91674,-78.02334,0.1,234.8,511.0,CAPE FEAR PILOT II,,WDA5087,90.0
366816340,2020-01-01T15:18:50,33.91673,-78.02335,0.1,233.9,511.0,CAPE FEAR PILOT II,,WDA5087,90.0
366816340,2020-01-01T15:20:31,33.91674,-78.02335,0.0,232.0,511.0,CAPE FEAR PILOT II,,WDA5087,90.0
366816340,2020-01-01T15:21:51,33.91673,-78.02334,0.1,243.0,511.0,CAPE FEAR PILOT II,,WDA5087,90.0
366816340,2020-01-01T15:23:00,33.91674,-78.02334,0.0,243.4,511.0,CAPE FEAR PILOT II,,WDA5087,90.0
366816340,2020-01-01T15:24:21,33.91674,-78.02335,0.0,238.2,511.0,CAPE FEAR PILOT II,,WDA5087,90.0
366816340,2020-01-01T15:25:31,33.91673,-78.02335,0.1,231.6,511.0,CAPE FEAR PILOT II,,WDA5087,90.0
366816340,2020-01-01T15:26:42,33.91673,-78.02335,0.0,226.7,511.0,CAPE FEAR PILOT II,,WDA5087,90.0
366816340,2020-01-01T15:27:51,33.91673,-78.02334,0.0,226.0,511.0,CAPE FEAR PILOT II,,WDA5087,90.0
366816340,2020-01-01T15:29:40,33.91672,-78.02335,0.0,227.1,511.0,CAPE FEAR PILOT II,,WDA5087,90.0
366816340,2020-01-01T15:32:21,33.91675,-78.02335,0.1,223.8,511.0,CAPE FEAR PILOT II,,WDA5087,90.0
366816340,2020-01-01T15:33:40,33.91674,-78.02336,0.0,219.7,511.0,CAPE FEAR PILOT II,,WDA5087,90.0
366816340,2020-01-01T15:35:10,33.91673,-78.02337,0.1,218.2,511.0,CAPE FEAR PILOT II,,WDA5087,90.0
366816340,2020-01-01T15:36:21,33.91671,-78.02332,0.0,217.1,511.0,CAPE FEAR PILOT II,,WDA5087,90.0
366816340,2020-01-01T15:39:21,33.91673,-78.02335,0.0,231.3,511.0,CAPE FEAR PILOT II,,WDA5087,90.0
366816340,2020-01-01T15:40:31,33.91673,-78.02333,0.1,229.0,511.0,CAPE FEAR PILOT II,,WDA5087,90.0
366816340,2020-01-01T15:41:40,33.91673,-78.02334,0.1,250.2,511.0,CAPE FEAR PILOT II,,WDA5087,90.0
366816340,2020-01-01T15:44:50,33.91675,-78.02331,0.0,239.5,511.0,CAPE FEAR PILOT II,,WDA5087,90.0
366816340,2020-01-01T15:47:51,33.91678,-78.02332,0.1,252.4,511.0,CAPE FEAR PILOT II,,WDA5087,90.0
366816340,2020-01-01T15:49:01,33.91676,-78.02332,0.1,250.3,511.0,CAPE FEAR PILOT II,,WDA5087,90.0
366816340,2020-01-01T15:50:11,33.91672,-78.02332,0.1,246.5,511.0,CAPE FEAR PILOT II,,WDA5087,90.0
366816340,2020-01-01T15:51:20,33.91674,-78.02332,0.1,250.3,511.0,CAPE FEAR PILOT II,,WDA5087,90.0
366816340,2020-01-01T15:52:31,33.91675,-78.02334,0.0,247.0,511.0,CAPE FEAR PILOT II,,WDA5087,90.0
366816340,2020-01-01T15:53:40,33.91674,-78.02332,0.0,242.8,511.0,CAPE FEAR PILOT II,,WDA5087,90.0
366816340,2020-01-01T15:57:40,33.91672,-78.02335,0.0,247.7,511.0,CAPE FEAR PILOT II,,WDA5087,90.0
366816340,2020-01-01T16:00:00,33.91674,-78.02335,0.1,257.7,511.0,CAPE FEAR PILOT II,,WDA5087,90.0
366816340,2020-01-01T16:00:00,33.91674,-78.02335,0.1,257.7,511.0,CAPE FEAR PILOT II,,WDA5087,90.0
366816340,2020-01-01T16:01:20,33.91671,-78.02331,0.0,261.9,511.0,CAPE FEAR PILOT II,,WDA5087,90.0
366816340,2020-01-01T16:02:32,33.91671,-78.02331,0.0,256.4,511.0,CAPE FEAR PILOT II,,WDA5087,90.0
366816340,2020-01-01T16:03:51,33.91672,-78.02334,0.0,252.4,511.0,CAPE FEAR PILOT II,,WDA5087,90.0
366816340,2020-01-01T16:05:00,33.91672,-78.02334,0.0,246.0,511.0,CAPE FEAR PILOT II,,WDA5087,90.0
366816340,2020-01-01T16:06:10,33.91672,-78.02333,0.1,265.7,511.0,CAPE FEAR PILOT II,,WDA5087,90.0
366816340,2020-01-01T16:07:22,33.91674,-78.02335,0.1,255.3,511.0,CAPE FEAR PILOT II,,WDA5087,90.0
366816340,2020-01-01T16:08:30,33.91673,-78.02335,0.0,272.1,511.0,CAPE FEAR PILOT II,,WDA5087,90.0
366816340,2020-01-01T16:09:40,33.91676,-78.02336,0.0,263.8,511.0,CAPE FEAR PILOT II,,WDA5087,90.0
366816340,2020-01-01T16:10:51,33.91673,-78.02333,0.0,265.0,511.0,CAPE FEAR PILOT II,,WDA5087,90.0
366816340,2020-01-01T16:12:02,33.91673,-78.02333,0.2,253.8,511.0,CAPE FEAR PILOT II,,WDA5087,90.0
366816340,2020-01-01T16:13:11,33.91673,-78.02334,0.2,257.7,511.0,CAPE FEAR PILOT II,,WDA5087,90.0
366816340,2020-01-01T16:14:21,33.91674,-78.02334,0.0,262.8,511.0,CAPE FEAR PILOT II,,WDA5087,90.0
366816340,2020-01-01T16:15:32,33.91674,-78.02331,0.1,259.7,511.0,CAPE FEAR PILOT II,,WDA5087,90.0
366816340,2020-01-01T16:16:42,33.91674,-78.02331,0.0,258.9,511.0,CAPE FEAR PILOT II,,WDA5087,90.0
366816340,2020-01-01T16:18:41,33.91673,-78.02332,0.0,259.6,511.0,CAPE FEAR PILOT II,,WDA5087,90.0
366816340,2020-01-01T16:20:41,33.91674,-78.02334,0.0,258.7,511.0,CAPE FEAR PILOT II,,WDA5087,90.0
366816340,2020-01-01T16:22:11,33.91676,-78.02333,0.0,288.1,511.0,CAPE FEAR PILOT II,,WDA5087,90.0
366816340,2020-01-01T16:23:22,33.91674,-78.02333,0.0,267.9,511.0,CAPE FEAR PILOT II,,WDA5087,90.0
366816340,2020-01-01T16:24:31,33.91676,-78.02334,0.1,281.2,511.0,CAPE FEAR PILOT II,,WDA5087,90.0
366816340,2020-01-01T16:26:50,33.91674,-78.02334,0.0,272.9,511.0,CAPE FEAR PILOT II,,WDA5087,90.0
366816340,2020-01-01T16:28:01,33.91674,-78.02335,0.0,273.8,511.0,CAPE FEAR PILOT II,,WDA5087,90.0
366816340,2020-01-01T16:29:12,33.91673,-78.02336,0.0,276.0,511.0,CAPE FEAR PILOT II,,WDA5087,90.0
366816340,2020-01-01T16:30:21,33.91675,-78.02336,0.0,293.4,511.0,CAPE FEAR PILOT II,,WDA5087,90.0
366816340,2020-01-01T16:31:31,33.91672,-78.02335,0.0,291.8,511.0,CAPE FEAR PILOT II,,WDA5087,90.0
366816340,2020-01-01T16:33:51,33.9167,-78.02333,0.0,286.1,511.0,CAPE FEAR PILOT II,,WDA5087,90.0
366816340,2020-01-01T16:35:01,33.91672,-78.02333,0.0,287.0,511.0,CAPE FEAR PILOT II,,WDA5087,90.0
366816340,2020-01-01T16:36:11,33.91675,-78.02335,0.0,291.4,511.0,CAPE FEAR PILOT II,,WDA5087,90.0
366816340,2020-01-01T16:39:00,33.91674,-78.02334,0.1,295.6,511.0,CAPE FEAR PILOT II,,WDA5087,90.0
366816340,2020-01-01T16:40:11,33.91673,-78.02334,0.0,263.5,511.0,CAPE FEAR PILOT II,,WDA5087,90.0
366816340,2020-01-01T16:41:22,33.91671,-78.02335,0.0,257.7,511.0,CAPE FEAR PILOT II,,WDA5087,90.0
366816340,2020-01-01T16:42:31,33.91672,-78.02333,0.0,253.9,511.0,CAPE FEAR PILOT II,,WDA5087,90.0
366816340,2020-01-01T16:45:10,33.91671,-78.02334,0.0,255.3,511.0,CAPE FEAR PILOT II,,WDA5087,90.0
366816340,2020-01-01T16:47:10,33.91673,-78.02334,0.0,253.1,511.0,CAPE FEAR PILOT II,,WDA5087,90.0
366816340,2020-01-01T16:49:40,33.9167,-78.02335,0.1,249.6,511.0,CAPE FEAR PILOT II,,WDA5087,90.0
366816340,2020-01-01T16:50:50,33.9167,-78.02334,0.0,257.4,511.0,CAPE FEAR PILOT II,,WDA5087,90.0
366816340,2020-01-01T16:52:00,33.91671,-78.02336,0.0,255.4,511.0,CAPE FEAR PILOT II,,WDA5087,90.0
366816340,2020-01-01T16:55:21,33.91674,-78.02336,0.0,263.8,511.0,CAPE FEAR PILOT II,,WDA5087,90.0
366816340,2020-01-01T16:57:21,33.91673,-78.02333,0.0,269.4,511.0,CAPE FEAR PILOT II,,WDA5087,90.0
366816340,2020-01-01T16:58:31,33.91674,-78.02333,0.0,266.6,511.0,CAPE FEAR PILOT II,,WDA5087,90.0
366816340,2020-01-01T16:59:41,33.91677,-78.02334,0.0,260.9,511.0,CAPE FEAR PILOT II,,WDA5087,90.0
366816340,2020-01-01T17:00:02,33.91676,-78.02334,0.0,263.9,511.0,CAPE FEAR PILOT II,,WDA5087,90.0
366816340,2020-01-01T17:01:10,33.91675,-78.02333,0.0,264.7,511.0,CAPE FEAR PILOT II,,WDA5087,90.0
366816340,2020-01-01T17:02:20,33.91674,-78.02333,0.0,256.2,511.0,CAPE FEAR PILOT II,,WDA5087,90.0
366816340,2020-01-01T17:03:31,33.91674,-78.02333,0.0,257.9,511.0,CAPE FEAR PILOT II,,WDA5087,90.0
366816340,2020-01-01T17:04:41,33.91671,-78.02335,0.0,257.0,511.0,CAPE FEAR PILOT II,,WDA5087,90.0
366816340,2020-01-01T17:05:51,33.91671,-78.02336,0.0,262.8,511.0,CAPE FEAR PILOT II,,WDA5087,90.0
366816340,2020-01-01T17:07:20,33.91669,-78.02335,0.1,265.6,511.0,CAPE FEAR PILOT II,,WDA5087,90.0
366816340,2020-01-01T17:08:32,33.91629,-78.0235,6.6,187.2,511.0,CAPE FEAR PILOT II,,WDA5087,90.0
366816340,2020-01-01T17:09:41,33.91522,-78.02156,8.0,101.2,511.0,CAPE FEAR PILOT II,,WDA5087,90.0
366816340,2020-01-01T17:11:05,33.91268,-78.01922,19.2,183.1,511.0,CAPE FEAR PILOT II,,WDA5087,90.0
366816340,2020-01-01T17:12:29,33.90528,-78.01962,19.1,173.1,511.0,CAPE FEAR PILOT II,,WDA5087,90.0
366816340,2020-01-01T17:14:05,33.89787,-78.01449,19.8,142.8,511.0,CAPE FEAR PILOT II,,WDA5087,90.0
366816340,2020-01-01T17:15:11,33.89307,-78.00998,20.2,143.5,511.0,CAPE FEAR PILOT II,,WDA5087,90.0
366816340,2020-01-01T17:16:41,33.8854,-78.00661,20.1,185.7,511.0,CAPE FEAR PILOT II,,WDA5087,90.0
366816340,2020-01-01T17:18:17,33.87694,-78.0074,14.7,183.2,511.0,CAPE FEAR PILOT II,,WDA5087,90.0
366816340,2020-01-01T17:19:23,33.87377,-78.00936,11.3,206.1,511.0,CAPE FEAR PILOT II,,WDA5087,90.0
366816340,2020-01-01T17:20:29,33.87073,-78.01186,11.4,224.5,511.0,CAPE FEAR PILOT II,,WDA5087,90.0
366816340,2020-01-01T17:22:04,33.86681,-78.01615,12.0,223.4,511.0,CAPE FEAR PILOT II,,WDA5087,90.0
366816340,2020-01-01T17:23:45,33.86237,-78.02002,12.1,211.5,511.0,CAPE FEAR PILOT II,,WDA5087,90.0
366816340,2020-01-01T17:25:33,33.85661,-78.02331,14.0,202.4,511.0,CAPE FEAR PILOT II,,WDA5087,90.0
366816340,2020-01-01T17:26:45,33.85247,-78.02547,14.1,188.5,511.0,CAPE FEAR PILOT II,,WDA5087,90.0
366816340,2020-01-01T17:28:09,33.84707,-78.02697,14.0,191.7,511.0,CAPE FEAR PILOT II,,WDA5087,90.0
366816340,2020-01-01T17:29:15,33.84309,-78.02784,13.0,196.8,511.0,CAPE FEAR PILOT II,,WDA5087,90.0
366816340,2020-01-01T17:30:21,33.83975,-78.02905,10.9,197.0,511.0,CAPE FEAR PILOT II,,WDA5087,90.0
366816340,2020-01-01T17:31:26,33.83615,-78.03013,13.3,198.8,511.0,CAPE FEAR PILOT II,,WDA5087,90.0
366816340,2020-01-01T17:32:32,33.83217,-78.03143,13.8,191.4,511.0,CAPE FEAR PILOT II,,WDA5087,90.0
366816340,2020-01-01T17:33:39,33.82813,-78.0327,13.9,193.8,511.0,CAPE FEAR PILOT II,,WDA5087,90.0
366816340,2020-01-01T17:35:21,33.82187,-78.0346,13.9,196.1,511.0,CAPE FEAR PILOT II,,WDA5087,90.0
366816340,2020-01-01T17:36:56,33.81614,-78.03641,14.4,194.8,511.0,CAPE FEAR PILOT II,,WDA5087,90.0
366816340,2020-01-01T17:38:03,33.81202,-78.0375,13.5,196.2,511.0,CAPE FEAR PILOT II,,WDA5087,90.0
366816340,2020-01-01T17:39:26,33.8071,-78.0388,14.5,161.2,511.0,CAPE FEAR PILOT II,,WDA5087,90.0
366816340,2020-01-01T17:41:03,33.80041,-78.04084,14.8,196.8,511.0,CAPE FEAR PILOT II,,WDA5087,90.0
366816340,2020-01-01T17:42:15,33.79614,-78.04246,14.3,199.1,511.0,CAPE FEAR PILOT II,,WDA5087,90.0
366816340,2020-01-01T17:43:45,33.79083,-78.04409,12.9,191.7,511.0,CAPE FEAR PILOT II,,WDA5087,90.0
366816340,2020-01-01T17:44:57,33.78697,-78.0452,10.9,191.9,511.0,CAPE FEAR PILOT II,,WDA5087,90.0
366816340,2020-01-01T17:46:15,33.7832,-78.04638,10.5,192.1,511.0,CAPE FEAR PILOT II,,WDA5087,90.0
366816340,2020-01-01T17:47:18,33.78048,-78.0468,8.3,167.2,511.0,CAPE FEAR PILOT II,,WDA5087,90.0
366816340,2020-01-01T17:48:39,33.77779,-78.04521,7.9,148.3,511.0,CAPE FEAR PILOT II,,WDA5087,90.0
366816340,2020-01-01T17:49:45,33.77819,-78.04294,20.2,1.8,511.0,CAPE FEAR PILOT II,,WDA5087,90.0
366816340,2020-01-01T17:50:51,33.78406,-78.04303,18.5,347.9,511.0,CAPE FEAR PILOT II,,WDA5087,90.0
366816340,2020-01-01T17:51:56,33.79005,-78.0435,19.9,5.1,511.0,CAPE FEAR PILOT II,,WDA5087,90.0
366816340,2020-01-01T17:53:02,33.79594,-78.04234,19.7,17.8,511.0,CAPE FEAR PILOT II,,WDA5087,90.0
366816340,2020-01-01T17:55:45,33.81031,-78.0383,20.3,5.9,511.0,CAPE FEAR PILOT II,,WDA5087,90.0
366816340,2020-01-01T17:58:21,33.82433,-78.03356,20.2,21.1,511.0,CAPE FEAR PILOT II,,WDA5087,90.0
366816340,2020-01-01T17:59:27,33.83019,-78.03132,20.7,11.3,511.0,CAPE FEAR PILOT II,,WDA5087,90.0
366816340,2020-01-01T18:00:03,33.8334,-78.03037,20.2,16.0,511.0,CAPE FEAR PILOT II,,WDA5087,90.0
366816340,2020-01-01T18:01:08,33.83942,-78.02849,21.0,16.2,511.0,CAPE FEAR PILOT II,,WDA5087,90.0
366816340,2020-01-01T18:02:21,33.84592,-78.02666,19.8,7.9,511.0,CAPE FEAR PILOT II,,WDA5087,90.0
366816340,2020-01-01T18:03:27,33.85184,-78.02496,20.1,10.3,511.0,CAPE FEAR PILOT II,,WDA5087,90.0
366816340,2020-01-01T18:04:45,33.85856,-78.02149,20.0,28.0,511.0,CAPE FEAR PILOT II,,WDA5087,90.0
366816340,2020-01-01T18:05:51,33.86372,-78.0179,20.3,38.1,511.0,CAPE FEAR PILOT II,,WDA5087,90.0
366816340,2020-01-01T18:06:56,33.86833,-78.01288,20.1,43.8,511.0,CAPE FEAR PILOT II,,WDA5087,90.0
366816340,2020-01-01T18:08:03,33.87313,-78.00804,20.5,35.6,511.0,CAPE FEAR PILOT II,,WDA5087,90.0
366816340,2020-01-01T18:09:09,33.87889,-78.00533,20.1,8.7,511.0,CAPE FEAR PILOT II,,WDA5087,90.0
366816340,2020-01-01T18:10:15,33.88505,-78.00522,20.5,353.3,511.0,CAPE FEAR PILOT II,,WDA5087,90.0
366816340,2020-01-01T18:11:26,33.89132,-78.00804,20.2,328.9,511.0,CAPE FEAR PILOT II,,WDA5087,90.0
366816340,2020-01-01T18:13:09,33.89959,-78.01402,20.4,325.7,511.0,CAPE FEAR PILOT II,,WDA5087,90.0
366816340,2020-01-01T18:14:21,33.90546,-78.01817,20.9,352.2,511.0,CAPE FEAR PILOT II,,WDA5087,90.0
366816340,2020-01-01T18:16:03,33.91392,-78.01837,10.0,330.6,511.0,CAPE FEAR PILOT II,,WDA5087,90.0
366816340,2020-01-01T18:17:09,33.9151,-78.02057,6.0,282.3,511.0,CAPE FEAR PILOT II,,WDA5087,90.0
366816340,2020-01-01T18:18:15,33.91543,-78.02274,5.8,283.5,511.0,CAPE FEAR PILOT II,,WDA5087,90.0
366816340,2020-01-01T18:19:20,33.91662,-78.02356,3.1,20.0,511.0,CAPE FEAR PILOT II,,WDA5087,90.0
366816340,2020-01-01T18:20:51,33.9167,-78.02333,0.0,99.9,511.0,CAPE FEAR PILOT II,,WDA5087,90.0
366816340,2020-01-01T18:22:01,33.91675,-78.02335,0.2,209.0,511.0,CAPE FEAR PILOT II,,WDA5087,90.0
366816340,2020-01-01T18:23:51,33.91675,-78.02333,0.1,234.2,511.0,CAPE FEAR PILOT II,,WDA5087,90.0
366816340,2020-01-01T18:26:10,33.91675,-78.02335,0.1,270.4,511.0,CAPE FEAR PILOT II,,WDA5087,90.0
366816340,2020-01-01T18:27:40,33.91674,-78.02335,0.0,279.6,511.0,CAPE FEAR PILOT II,,WDA5087,90.0
366816340,2020-01-01T18:28:50,33.91674,-78.02335,0.1,284.9,511.0,CAPE FEAR PILOT II,,WDA5087,90.0
366816340,2020-01-01T18:30:01,33.91674,-78.02333,0.1,277.7,511.0,CAPE FEAR PILOT II,,WDA5087,90.0
366816340,2020-01-01T18:31:30,33.91674,-78.02334,0.0,284.2,511.0,CAPE FEAR PILOT II,,WDA5087,90.0
366816340,2020-01-01T18:33:40,33.91676,-78.02333,0.0,295.3,511.0,CAPE FEAR PILOT II,,WDA5087,90.0
366816340,2020-01-01T18:34:51,33.91675,-78.02334,0.0,281.2,511.0,CAPE FEAR PILOT II,,WDA5087,90.0
366816340,2020-01-01T18:36:00,33.91674,-78.02336,0.1,268.9,511.0,CAPE FEAR PILOT II,,WDA5087,90.0
366816340,2020-01-01T18:38:10,33.91674,-78.02336,0.0,263.7,511.0,CAPE FEAR PILOT II,,WDA5087,90.0
366816340,2020-01-01T18:40:01,33.91674,-78.02335,0.0,278.5,511.0,CAPE FEAR PILOT II,,WDA5087,90.0
366816340,2020-01-01T18:42:30,33.91672,-78.02335,0.2,274.2,511.0,CAPE FEAR PILOT II,,WDA5087,90.0
366816340,2020-01-01T18:43:41,33.91677,-78.02333,0.0,285.7,511.0,CAPE FEAR PILOT II,,WDA5087,90.0
366816340,2020-01-01T18:46:40,33.91676,-78.02335,0.0,279.9,511.0,CAPE FEAR PILOT II,,WDA5087,90.0
366816340,2020-01-01T18:48:20,33.91676,-78.02335,0.0,265.4,511.0,CAPE FEAR PILOT II,,WDA5087,90.0
366816340,2020-01-01T18:49:40,33.91674,-78.02337,0.1,269.1,511.0,CAPE FEAR PILOT II,,WDA5087,90.0
366816340,2020-01-01T18:51:20,33.91674,-78.02336,0.3,273.4,511.0,CAPE FEAR PILOT II,,WDA5087,90.0
366816340,2020-01-01T18:53:20,33.91677,-78.02334,0.1,262.0,511.0,CAPE FEAR PILOT II,,WDA5087,90.0
366816340,2020-01-01T18:55:11,33.91676,-78.02336,0.1,267.4,511.0,CAPE FEAR PILOT II,,WDA5087,90.0
366816340,2020-01-01T18:57:11,33.91676,-78.02336,0.0,269.6,511.0,CAPE FEAR PILOT II,,WDA5087,90.0
366816340,2020-01-01T18:58:20,33.91676,-78.02336,0.0,267.5,511.0,CAPE FEAR PILOT II,,WDA5087,90.0
366816340,2020-01-01T18:59:31,33.91674,-78.02336,0.0,262.6,511.0,CAPE FEAR PILOT II,,WDA5087,90.0
366816340,2020-01-01T19:00:10,33.91674,-78.02336,0.0,272.8,511.0,CAPE FEAR PILOT II,,WDA5087,90.0
366816340,2020-01-01T19:01:20,33.91675,-78.02334,0.0,277.7,511.0,CAPE FEAR PILOT II,,WDA5087,90.0
366816340,2020-01-01T19:02:30,33.91673,-78.02335,0.0,283.2,511.0,CAPE FEAR PILOT II,,WDA5087,90.0
366816340,2020-01-01T19:03:40,33.91674,-78.02335,0.1,279.2,511.0,CAPE FEAR PILOT II,,WDA5087,90.0
366816340,2020-01-01T19:04:50,33.91676,-78.02334,0.0,285.3,511.0,CAPE FEAR PILOT II,,WDA5087,90.0
366816340,2020-01-01T19:06:01,33.91673,-78.02334,0.0,288.4,511.0,CAPE FEAR PILOT II,,WDA5087,90.0
366816340,2020-01-01T19:07:10,33.91674,-78.02337,0.1,286.2,511.0,CAPE FEAR PILOT II,,WDA5087,90.0
366816340,2020-01-01T19:08:22,33.91675,-78.02335,0.0,276.7,511.0,CAPE FEAR PILOT II,,WDA5087,90.0
366816340,2020-01-01T19:09:31,33.91676,-78.02335,0.0,274.1,511.0,CAPE FEAR PILOT II,,WDA5087,90.0
366816340,2020-01-01T19:10:50,33.91677,-78.02336,0.0,277.4,511.0,CAPE FEAR PILOT II,,WDA5087,90.0
366816340,2020-01-01T19:12:00,33.91674,-78.02336,0.0,278.8,511.0,CAPE FEAR PILOT II,,WDA5087,90.0
366816340,2020-01-01T19:13:10,33.91674,-78.02335,0.0,282.0,511.0,CAPE FEAR PILOT II,,WDA5087,90.0
366816340,2020-01-01T19:14:30,33.91675,-78.02335,0.1,285.2,511.0,CAPE FEAR PILOT II,,WDA5087,90.0
366816340,2020-01-01T19:15:42,33.91674,-78.02336,0.1,285.9,511.0,CAPE FEAR PILOT II,,WDA5087,90.0
366816340,2020-01-01T19:17:11,33.91674,-78.02339,0.0,263.4,511.0,CAPE FEAR PILOT II,,WDA5087,90.0
366816340,2020-01-01T19:18:50,33.91673,-78.02338,0.0,240.1,511.0,CAPE FEAR PILOT II,,WDA5087,90.0
366816340,2020-01-01T19:20:00,33.91673,-78.02336,0.2,241.8,511.0,CAPE FEAR PILOT II,,WDA5087,90.0
366816340,2020-01-01T19:21:50,33.91672,-78.02337,0.0,239.7,511.0,CAPE FEAR PILOT II,,WDA5087,90.0
366816340,2020-01-01T19:23:00,33.91674,-78.02335,0.0,236.8,511.0,CAPE FEAR PILOT II,,WDA5087,90.0
366816340,2020-01-01T19:24:50,33.91674,-78.02335,0.0,226.7,511.0,CAPE FEAR PILOT II,,WDA5087,90.0
366816340,2020-01-01T19:26:21,33.91675,-78.02335,0.1,239.9,511.0,CAPE FEAR PILOT II,,WDA5087,90.0
366816340,2020-01-01T19:27:31,33.91679,-78.02334,0.0,245.6,511.0,CAPE FEAR PILOT II,,WDA5087,90.0
366816340,2020-01-01T19:28:42,33.91676,-78.02335,0.0,240.6,511.0,CAPE FEAR PILOT II,,WDA5087,90.0
366816340,2020-01-01T19:30:01,33.91673,-78.02336,0.1,236.4,511.0,CAPE FEAR PILOT II,,WDA5087,90.0
366816340,2020-01-01T19:32:21,33.91672,-78.02336,0.0,246.1,511.0,CAPE FEAR PILOT II,,WDA5087,90.0
366816340,2020-01-01T19:33:31,33.91675,-78.02336,0.0,236.6,511.0,CAPE FEAR PILOT II,,WDA5087,90.0
366816340,2020-01-01T19:34:40,33.91677,-78.02336,0.1,240.4,511.0,CAPE FEAR PILOT II,,WDA5087,90.0
366816340,2020-01-01T19:35:51,33.91678,-78.02337,0.0,246.7,511.0,CAPE FEAR PILOT II,,WDA5087,90.0
366816340,2020-01-01T19:37:01,33.91675,-78.02337,0.1,249.3,511.0,CAPE FEAR PILOT II,,WDA5087,90.0
366816340,2020-01-01T19:39:11,33.91672,-78.02335,0.0,240.8,511.0,CAPE FEAR PILOT II,,WDA5087,90.0
366816340,2020-01-01T19:42:11,33.91673,-78.02336,0.1,236.9,511.0,CAPE FEAR PILOT II,,WDA5087,90.0
366816340,2020-01-01T19:44:41,33.91674,-78.02334,0.0,239.1,511.0,CAPE FEAR PILOT II,,WDA5087,90.0
366816340,2020-01-01T19:45:50,33.91675,-78.02334,0.0,232.1,511.0,CAPE FEAR PILOT II,,WDA5087,90.0
366816340,2020-01-01T19:47:00,33.91674,-78.02335,0.0,231.5,511.0,CAPE FEAR PILOT II,,WDA5087,90.0
366816340,2020-01-01T19:49:51,33.91672,-78.02334,0.2,242.9,511.0,CAPE FEAR PILOT II,,WDA5087,90.0
366816340,2020-01-01T19:51:02,33.91672,-78.02335,0.0,249.8,511.0,CAPE FEAR PILOT II,,WDA5087,90.0
366816340,2020-01-01T19:54:21,33.9167,-78.02336,0.0,260.5,511.0,CAPE FEAR PILOT II,,WDA5087,90.0
366816340,2020-01-01T19:55:31,33.91676,-78.02334,0.0,266.0,511.0,CAPE FEAR PILOT II,,WDA5087,90.0
366816340,2020-01-01T19:56:41,33.91674,-78.02334,0.0,270.9,511.0,CAPE FEAR PILOT II,,WDA5087,90.0
366816340,2020-01-01T19:57:50,33.91674,-78.02334,0.1,269.8,511.0,CAPE FEAR PILOT II,,WDA5087,90.0
366816340,2020-01-01T19:59:00,33.91673,-78.02335,0.0,270.3,511.0,CAPE FEAR PILOT II,,WDA5087,90.0
366816340,2020-01-01T20:00:00,33.91672,-78.02335,0.0,266.2,511.0,CAPE FEAR PILOT II,,WDA5087,90.0
366816340,2020-01-01T20:01:10,33.91673,-78.02335,0.1,265.2,511.0,CAPE FEAR PILOT II,,WDA5087,90.0
366816340,2020-01-01T20:02:20,33.91673,-78.02335,0.0,267.5,511.0,CAPE FEAR PILOT II,,WDA5087,90.0
366816340,2020-01-01T20:03:30,33.91675,-78.02334,0.0,271.0,511.0,CAPE FEAR PILOT II,,WDA5087,90.0
366816340,2020-01-01T20:04:41,33.91674,-78.02335,0.0,276.0,511.0,CAPE FEAR PILOT II,,WDA5087,90.0
366816340,2020-01-01T20:05:51,33.91674,-78.02334,0.0,274.2,511.0,CAPE FEAR PILOT II,,WDA5087,90.0
366816340,2020-01-01T20:07:01,33.91672,-78.02336,0.0,276.6,511.0,CAPE FEAR PILOT II,,WDA5087,90.0
366816340,2020-01-01T20:08:12,33.91674,-78.02335,0.1,267.6,511.0,CAPE FEAR PILOT II,,WDA5087,90.0
366816340,2020-01-01T20:09:22,33.91674,-78.02337,0.1,264.0,511.0,CAPE FEAR PILOT II,,WDA5087,90.0
366816340,2020-01-01T20:10:50,33.91674,-78.02334,0.0,253.1,511.0,CAPE FEAR PILOT II,,WDA5087,90.0
366816340,2020-01-01T20:12:01,33.91675,-78.02336,0.0,249.5,511.0,CAPE FEAR PILOT II,,WDA5087,90.0
366816340,2020-01-01T20:13:50,33.91676,-78.02335,0.0,250.6,511.0,CAPE FEAR PILOT II,,WDA5087,90.0
366816340,2020-01-01T20:15:01,33.91673,-78.02336,0.0,252.0,511.0,CAPE FEAR PILOT II,,WDA5087,90.0
366816340,2020-01-01T20:16:10,33.91673,-78.02336,0.1,250.2,511.0,CAPE FEAR PILOT II,,WDA5087,90.0
366816340,2020-01-01T20:17:50,33.91673,-78.02336,0.0,252.5,511.0,CAPE FEAR PILOT II,,WDA5087,90.0
366816340,2020-01-01T20:19:01,33.91673,-78.02334,0.0,255.1,511.0,CAPE FEAR PILOT II,,WDA5087,90.0
366816340,2020-01-01T20:20:10,33.91673,-78.02334,0.0,256.1,511.0,CAPE FEAR PILOT II,,WDA5087,90.0
366816340,2020-01-01T20:21:21,33.91672,-78.02335,0.0,256.7,511.0,CAPE FEAR PILOT II,,WDA5087,90.0
366816340,2020-01-01T20:22:30,33.91673,-78.02335,0.0,257.0,511.0,CAPE FEAR PILOT II,,WDA5087,90.0
366816340,2020-01-01T20:24:21,33.91674,-78.02335,0.0,259.5,511.0,CAPE FEAR PILOT II,,WDA5087,90.0
366816340,2020-01-01T20:26:21,33.91674,-78.02334,0.0,256.8,511.0,CAPE FEAR PILOT II,,WDA5087,90.0
366816340,2020-01-01T20:27:31,33.91674,-78.02335,0.0,258.6,511.0,CAPE FEAR PILOT II,,WDA5087,90.0
366816340,2020-01-01T20:28:41,33.91674,-78.02332,0.0,259.5,511.0,CAPE FEAR PILOT II,,WDA5087,90.0
366816340,2020-01-01T20:29:51,33.91675,-78.02337,0.0,258.1,511.0,CAPE FEAR PILOT II,,WDA5087,90.0
366816340,2020-01-01T20:31:00,33.91673,-78.02337,0.0,257.6,511.0,CAPE FEAR PILOT II,,WDA5087,90.0
366816340,2020-01-01T20:32:12,33.91673,-78.02336,0.0,259.6,511.0,CAPE FEAR PILOT II,,WDA5087,90.0
366816340,2020-01-01T20:33:32,33.91673,-78.02334,0.0,265.4,511.0,CAPE FEAR PILOT II,,WDA5087,90.0
366816340,2020-01-01T20:34:40,33.91674,-78.02334,0.0,271.7,511.0,CAPE FEAR PILOT II,,WDA5087,90.0
366816340,2020-01-01T20:35:51,33.91673,-78.02335,0.0,277.9,511.0,CAPE FEAR PILOT II,,WDA5087,90.0
366816340,2020-01-01T20:37:00,33.91674,-78.02335,0.0,278.7,511.0,CAPE FEAR PILOT II,,WDA5087,90.0
366816340,2020-01-01T20:38:12,33.91673,-78.02336,0.1,282.1,511.0,CAPE FEAR PILOT II,,WDA5087,90.0
366816340,2020-01-01T20:40:31,33.91674,-78.02336,0.0,285.8,511.0,CAPE FEAR PILOT II,,WDA5087,90.0
366816340,2020-01-01T20:42:10,33.91672,-78.02334,0.0,288.1,511.0,CAPE FEAR PILOT II,,WDA5087,90.0
366816340,2020-01-01T20:43:21,33.91671,-78.02335,0.0,288.2,511.0,CAPE FEAR PILOT II,,WDA5087,90.0
366816340,2020-01-01T20:45:30,33.91672,-78.02336,0.0,291.6,511.0,CAPE FEAR PILOT II,,WDA5087,90.0
366816340,2020-01-01T20:47:20,33.91672,-78.02337,0.0,291.2,511.0,CAPE FEAR PILOT II,,WDA5087,90.0
366816340,2020-01-01T20:50:20,33.91672,-78.02335,0.0,278.4,511.0,CAPE FEAR PILOT II,,WDA5087,90.0
366816340,2020-01-01T20:52:20,33.91624,-78.0235,5.8,176.5,511.0,CAPE FEAR PILOT II,,WDA5087,90.0
366816340,2020-01-01T20:54:04,33.91394,-78.01951,21.1,189.8,511.0,CAPE FEAR PILOT II,,WDA5087,90.0
366816340,2020-01-01T20:55:41,33.90403,-78.01996,22.6,161.7,511.0,CAPE FEAR PILOT II,,WDA5087,90.0
366816340,2020-01-01T20:56:43,33.89877,-78.01542,23.2,135.9,511.0,CAPE FEAR PILOT II,,WDA5087,90.0
366816340,2020-01-01T20:58:15,33.89119,-78.00783,22.9,149.0,511.0,CAPE FEAR PILOT II,,WDA5087,90.0
366816340,2020-01-01T20:59:43,33.88218,-78.00598,22.6,185.1,511.0,CAPE FEAR PILOT II,,WDA5087,90.0
366816340,2020-01-01T21:00:01,33.88031,-78.00628,23.0,190.8,511.0,CAPE FEAR PILOT II,,WDA5087,90.0
366816340,2020-01-01T21:01:03,33.87422,-78.00882,22.3,200.0,511.0,CAPE FEAR PILOT II,,WDA5087,90.0
366816340,2020-01-01T21:02:05,33.87038,-78.01199,13.9,226.6,511.0,CAPE FEAR PILOT II,,WDA5087,90.0
366816340,2020-01-01T21:03:15,33.86722,-78.0156,13.9,226.0,511.0,CAPE FEAR PILOT II,,WDA5087,90.0
366816340,2020-01-01T21:04:21,33.86427,-78.01892,12.5,218.4,511.0,CAPE FEAR PILOT II,,WDA5087,90.0
366816340,2020-01-01T21:05:27,33.86099,-78.02111,13.1,203.5,511.0,CAPE FEAR PILOT II,,WDA5087,90.0
366816340,2020-01-01T21:06:33,33.85727,-78.02321,14.1,202.4,511.0,CAPE FEAR PILOT II,,WDA5087,90.0
366816340,2020-01-01T21:07:39,33.85346,-78.02504,13.2,201.7,511.0,CAPE FEAR PILOT II,,WDA5087,90.0
366816340,2020-01-01T21:08:44,33.84953,-78.02622,11.9,193.1,511.0,CAPE FEAR PILOT II,,WDA5087,90.0
366816340,2020-01-01T21:10:03,33.84512,-78.02747,12.5,196.8,511.0,CAPE FEAR PILOT II,,WDA5087,90.0
366816340,2020-01-01T21:11:09,33.84144,-78.02865,13.0,195.4,511.0,CAPE FEAR PILOT II,,WDA5087,90.0
366816340,2020-01-01T21:12:12,33.83808,-78.02972,11.8,196.7,511.0,CAPE FEAR PILOT II,,WDA5087,90.0
366816340,2020-01-01T21:13:21,33.83436,-78.03064,12.4,196.1,511.0,CAPE FEAR PILOT II,,WDA5087,90.0
366816340,2020-01-01T21:14:31,33.83059,-78.03199,12.1,196.9,511.0,CAPE FEAR PILOT II,,WDA5087,90.0
366816340,2020-01-01T21:16:21,33.82454,-78.03386,12.4,194.5,511.0,CAPE FEAR PILOT II,,WDA5087,90.0
366816340,2020-01-01T21:17:31,33.82077,-78.03498,11.9,193.6,511.0,CAPE FEAR PILOT II,,WDA5087,90.0
366816340,2020-01-01T21:18:42,33.81699,-78.0358,11.2,180.5,511.0,CAPE FEAR PILOT II,,WDA5087,90.0
366816340,2020-01-01T21:19:50,33.8135,-78.03697,11.9,191.5,511.0,CAPE FEAR PILOT II,,WDA5087,90.0
366816340,2020-01-01T21:21:01,33.80973,-78.03809,11.3,193.4,511.0,CAPE FEAR PILOT II,,WDA5087,90.0
366816340,2020-01-01T21:22:03,33.8064,-78.03911,13.7,190.5,511.0,CAPE FEAR PILOT II,,WDA5087,90.0
366816340,2020-01-01T21:23:45,33.8003,-78.04112,11.3,192.3,511.0,CAPE FEAR PILOT II,,WDA5087,90.0
366816340,2020-01-01T21:24:56,33.79653,-78.04228,12.0,193.3,511.0,CAPE FEAR PILOT II,,WDA5087,90.0
366816340,2020-01-01T21:26:21,33.79233,-78.04368,10.5,190.4,511.0,CAPE FEAR PILOT II,,WDA5087,90.0
366816340,2020-01-01T21:27:24,33.78973,-78.04381,8.0,164.1,511.0,CAPE FEAR PILOT II,,WDA5087,90.0
366816340,2020-01-01T21:29:05,33.79214,-78.04122,20.5,3.1,511.0,CAPE FEAR PILOT II,,WDA5087,90.0
366816340,2020-01-01T21:30:17,33.79863,-78.04088,19.8,358.9,511.0,CAPE FEAR PILOT II,,WDA5087,90.0
366816340,2020-01-01T21:31:23,33.80467,-78.03956,19.1,9.9,511.0,CAPE FEAR PILOT II,,WDA5087,90.0
366816340,2020-01-01T21:32:29,33.81053,-78.03753,20.8,15.5,511.0,CAPE FEAR PILOT II,,WDA5087,90.0
366816340,2020-01-01T21:33:35,33.81645,-78.03583,19.4,12.0,511.0,CAPE FEAR PILOT II,,WDA5087,90.0
366816340,2020-01-01T21:34:41,33.82239,-78.03401,20.1,10.6,511.0,CAPE FEAR PILOT II,,WDA5087,90.0
366816340,2020-01-01T21:35:47,33.82829,-78.03204,19.3,8.5,511.0,CAPE FEAR PILOT II,,WDA5087,90.0
366816340,2020-01-01T21:36:53,33.83414,-78.03048,19.4,10.5,511.0,CAPE FEAR PILOT II,,WDA5087,90.0
366816340,2020-01-01T21:39:17,33.84626,-78.02639,18.1,11.9,511.0,CAPE FEAR PILOT II,,WDA5087,90.0
366816340,2020-01-01T21:40:59,33.85502,-78.02302,18.1,27.0,511.0,CAPE FEAR PILOT II,,WDA5087,90.0
366816340,2020-01-01T21:42:11,33.8608,-78.02024,18.5,18.4,511.0,CAPE FEAR PILOT II,,WDA5087,90.0
366816340,2020-01-01T21:43:17,33.8655,-78.01679,17.3,37.8,511.0,CAPE FEAR PILOT II,,WDA5087,90.0
366816340,2020-01-01T21:44:59,33.87197,-78.01065,18.1,29.3,511.0,CAPE FEAR PILOT II,,WDA5087,90.0
366816340,2020-01-01T21:46:05,33.87707,-78.00821,18.2,17.3,511.0,CAPE FEAR PILOT II,,WDA5087,90.0
366816340,2020-01-01T21:47:10,33.88272,-78.00681,18.1,8.3,511.0,CAPE FEAR PILOT II,,WDA5087,90.0
366816340,2020-01-01T21:48:11,33.88751,-78.00668,17.5,348.5,511.0,CAPE FEAR PILOT II,,WDA5087,90.0
366816340,2020-01-01T21:49:17,33.89215,-78.0096,17.2,328.3,511.0,CAPE FEAR PILOT II,,WDA5087,90.0
366816340,2020-01-01T21:51:47,33.90248,-78.0173,18.0,320.0,511.0,CAPE FEAR PILOT II,,WDA5087,90.0
366816340,2020-01-01T21:53:46,33.91197,-78.01884,14.7,2.5,511.0,CAPE FEAR PILOT II,,WDA5087,90.0
366816340,2020-01-01T21:55:46,33.91517,-78.02105,6.5,281.6,511.0,CAPE FEAR PILOT II,,WDA5087,90.0
366816340,2020-01-01T21:56:53,33.9156,-78.02318,5.5,297.1,511.0,CAPE FEAR PILOT II,,WDA5087,90.0
366816340,2020-01-01T21:59:18,33.91676,-78.02335,0.0,102.9,511.0,CAPE FEAR PILOT II,,WDA5087,90.0
366816340,2020-01-01T22:00:09,33.91675,-78.02335,0.0,70.0,511.0,CAPE FEAR PILOT II,,WDA5087,90.0
366816340,2020-01-01T22:01:18,33.91672,-78.02335,0.0,56.6,511.0,CAPE FEAR PILOT II,,WDA5087,90.0
366816340,2020-01-01T22:02:28,33.91672,-78.02336,0.0,34.2,511.0,CAPE FEAR PILOT II,,WDA5087,90.0
366816340,2020-01-01T22:03:38,33.91675,-78.02336,0.0,11.3,511.0,CAPE FEAR PILOT II,,WDA5087,90.0
366816340,2020-01-01T22:04:49,33.91674,-78.02336,0.0,349.2,511.0,CAPE FEAR PILOT II,,WDA5087,90.0
366816340,2020-01-01T22:05:59,33.91677,-78.02337,0.0,331.0,511.0,CAPE FEAR PILOT II,,WDA5087,90.0
366816340,2020-01-01T22:07:09,33.91677,-78.02335,0.0,314.2,511.0,CAPE FEAR PILOT II,,WDA5087,90.0
366816340,2020-01-01T22:08:19,33.91672,-78.02333,0.0,326.4,511.0,CAPE FEAR PILOT II,,WDA5087,90.0
366816340,2020-01-01T22:09:38,33.91683,-78.02329,0.0,312.4,511.0,CAPE FEAR PILOT II,,WDA5087,90.0
366816340,2020-01-01T22:10:39,33.91677,-78.02335,0.0,316.8,511.0,CAPE FEAR PILOT II,,WDA5087,90.0
366816340,2020-01-01T22:11:59,33.91675,-78.02332,0.0,298.0,511.0,CAPE FEAR PILOT II,,WDA5087,90.0
366816340,2020-01-01T22:13:09,33.9168,-78.02331,0.0,288.6,511.0,CAPE FEAR PILOT II,,WDA5087,90.0
366816340,2020-01-01T22:14:48,33.91677,-78.02337,0.0,279.1,511.0,CAPE FEAR PILOT II,,WDA5087,90.0
366816340,2020-01-01T22:15:59,33.91676,-78.02333,0.0,261.7,511.0,CAPE FEAR PILOT II,,WDA5087,90.0
366816340,2020-01-01T22:17:10,33.91676,-78.02333,0.0,263.0,511.0,CAPE FEAR PILOT II,,WDA5087,90.0
366816340,2020-01-01T22:18:19,33.91672,-78.02334,0.0,262.3,511.0,CAPE FEAR PILOT II,,WDA5087,90.0
366816340,2020-01-01T22:19:38,33.91675,-78.02334,0.0,254.1,511.0,CAPE FEAR PILOT II,,WDA5087,90.0
366816340,2020-01-01T22:20:49,33.91671,-78.02336,0.0,240.1,511.0,CAPE FEAR PILOT II,,WDA5087,90.0
366816340,2020-01-01T22:22:00,33.91675,-78.02332,0.0,230.7,511.0,CAPE FEAR PILOT II,,WDA5087,90.0
366816340,2020-01-01T22:23:08,33.91672,-78.02335,0.0,240.7,511.0,CAPE FEAR PILOT II,,WDA5087,90.0
366816340,2020-01-01T22:24:19,33.91676,-78.02335,0.0,246.0,511.0,CAPE FEAR PILOT II,,WDA5087,90.0
366816340,2020-01-01T22:25:30,33.91674,-78.02337,0.0,237.4,511.0,CAPE FEAR PILOT II,,WDA5087,90.0
366816340,2020-01-01T22:26:39,33.91674,-78.02335,0.0,254.7,511.0,CAPE FEAR PILOT II,,WDA5087,90.0
366816340,2020-01-01T22:27:50,33.91675,-78.02334,0.1,256.9,511.0,CAPE FEAR PILOT II,,WDA5087,90.0
366816340,2020-01-01T22:28:58,33.91674,-78.02334,0.0,258.0,511.0,CAPE FEAR PILOT II,,WDA5087,90.0
366816340,2020-01-01T22:30:09,33.91673,-78.02335,0.1,265.3,511.0,CAPE FEAR PILOT II,,WDA5087,90.0
366816340,2020-01-01T22:32:48,33.91675,-78.02336,0.0,274.2,511.0,CAPE FEAR PILOT II,,WDA5087,90.0
366816340,2020-01-01T22:34:18,33.91672,-78.02336,0.0,271.8,511.0,CAPE FEAR PILOT II,,WDA5087,90.0
366816340,2020-01-01T22:35:29,33.91674,-78.02337,0.0,267.2,511.0,CAPE FEAR PILOT II,,WDA5087,90.0
366816340,2020-01-01T22:36:38,33.91675,-78.02338,0.0,277.6,511.0,CAPE FEAR PILOT II,,WDA5087,90.0
366816340,2020-01-01T22:37:48,33.91674,-78.02337,0.0,280.8,511.0,CAPE FEAR PILOT II,,WDA5087,90.0
366816340,2020-01-01T22:39:48,33.91672,-78.02336,0.0,270.0,511.0,CAPE FEAR PILOT II,,WDA5087,90.0
366816340,2020-01-01T22:42:38,33.91676,-78.02335,0.0,267.2,511.0,CAPE FEAR PILOT II,,WDA5087,90.0
366816340,2020-01-01T22:44:38,33.91674,-78.02334,0.0,258.6,511.0,CAPE FEAR PILOT II,,WDA5087,90.0
366816340,2020-01-01T22:46:49,33.91673,-78.02334,0.0,258.2,511.0,CAPE FEAR PILOT II,,WDA5087,90.0
366816340,2020-01-01T22:50:18,33.91672,-78.02336,0.1,238.4,511.0,CAPE FEAR PILOT II,,WDA5087,90.0
366816340,2020-01-01T22:51:29,33.91672,-78.02336,0.1,225.8,511.0,CAPE FEAR PILOT II,,WDA5087,90.0
366816340,2020-01-01T22:52:40,33.91673,-78.02338,0.0,218.7,511.0,CAPE FEAR PILOT II,,WDA5087,90.0
366816340,2020-01-01T22:53:50,33.91674,-78.02338,0.0,211.3,511.0,CAPE FEAR PILOT II,,WDA5087,90.0
366816340,2020-01-01T22:54:59,33.91671,-78.02336,0.0,210.8,511.0,CAPE FEAR PILOT II,,WDA5087,90.0
366816340,2020-01-01T22:58:09,33.91671,-78.02336,0.0,207.9,511.0,CAPE FEAR PILOT II,,WDA5087,90.0
366816340,2020-01-01T22:59:18,33.91671,-78.02337,0.0,210.5,511.0,CAPE FEAR PILOT II,,WDA5087,90.0
366816340,2020-01-01T23:00:09,33.91671,-78.02337,0.0,210.1,511.0,CAPE FEAR PILOT II,,WDA5087,90.0
366816340,2020-01-01T23:01:19,33.91672,-78.02338,0.0,210.8,511.0,CAPE FEAR PILOT II,,WDA5087,90.0
366816340,2020-01-01T23:02:29,33.91675,-78.02337,0.0,209.3,511.0,CAPE FEAR PILOT II,,WDA5087,90.0
366816340,2020-01-01T23:03:40,33.91674,-78.0234,0.0,210.6,511.0,CAPE FEAR PILOT II,,WDA5087,90.0
366816340,2020-01-01T23:04:49,33.91674,-78.02338,0.0,210.4,511.0,CAPE FEAR PILOT II,,WDA5087,90.0
366816340,2020-01-01T23:05:59,33.91673,-78.02339,0.0,212.5,511.0,CAPE FEAR PILOT II,,WDA5087,90.0
366816340,2020-01-01T23:07:09,33.91673,-78.02337,0.0,212.7,511.0,CAPE FEAR PILOT II,,WDA5087,90.0
366816340,2020-01-01T23:08:20,33.91673,-78.02335,0.0,213.0,511.0,CAPE FEAR PILOT II,,WDA5087,90.0
366816340,2020-01-01T23:09:59,33.91673,-78.02335,0.0,215.9,511.0,CAPE FEAR PILOT II,,WDA5087,90.0
366816340,2020-01-01T23:11:08,33.91672,-78.02338,0.0,216.1,511.0,CAPE FEAR PILOT II,,WDA5087,90.0
366816340,2020-01-01T23:12:20,33.91673,-78.02336,0.0,213.5,511.0,CAPE FEAR PILOT II,,WDA5087,90.0
366816340,2020-01-01T23:13:28,33.91673,-78.02337,0.0,214.3,511.0,CAPE FEAR PILOT II,,WDA5087,90.0
366816340,2020-01-01T23:14:39,33.91674,-78.02339,0.0,217.4,511.0,CAPE FEAR PILOT II,,WDA5087,90.0
366816340,2020-01-01T23:15:49,33.91674,-78.02338,0.0,218.4,511.0,CAPE FEAR PILOT II,,WDA5087,90.0
366816340,2020-01-01T23:16:58,33.91673,-78.02337,0.0,219.7,511.0,CAPE FEAR PILOT II,,WDA5087,90.0
366816340,2020-01-01T23:18:28,33.91675,-78.02337,0.0,231.2,511.0,CAPE FEAR PILOT II,,WDA5087,90.0
366816340,2020-01-01T23:19:39,33.91674,-78.02338,0.0,226.2,511.0,CAPE FEAR PILOT II,,WDA5087,90.0
366816340,2020-01-01T23:20:49,33.91671,-78.02336,0.0,223.1,511.0,CAPE FEAR PILOT II,,WDA5087,90.0
366816340,2020-01-01T23:22:39,33.91671,-78.02336,0.0,227.4,511.0,CAPE FEAR PILOT II,,WDA5087,90.0
366816340,2020-01-01T23:24:39,33.91674,-78.02335,0.0,224.8,511.0,CAPE FEAR PILOT II,,WDA5087,90.0
366816340,2020-01-01T23:25:49,33.91668,-78.02338,0.0,225.5,511.0,CAPE FEAR PILOT II,,WDA5087,90.0
366816340,2020-01-01T23:27:49,33.91678,-78.02335,0.0,225.2,511.0,CAPE FEAR PILOT II,,WDA5087,90.0
366816340,2020-01-01T23:30:19,33.91674,-78.02336,0.0,237.8,511.0,CAPE FEAR PILOT II,,WDA5087,90.0
366816340,2020-01-01T23:32:19,33.91673,-78.02335,0.0,245.0,511.0,CAPE FEAR PILOT II,,WDA5087,90.0
366816340,2020-01-01T23:33:48,33.91672,-78.02336,0.0,251.5,511.0,CAPE FEAR PILOT II,,WDA5087,90.0
366816340,2020-01-01T23:35:08,33.91671,-78.02335,0.0,249.2,511.0,CAPE FEAR PILOT II,,WDA5087,90.0
366816340,2020-01-01T23:36:29,33.91673,-78.02337,0.0,254.4,511.0,CAPE FEAR PILOT II,,WDA5087,90.0
366816340,2020-01-01T23:37:38,33.91673,-78.02335,0.1,258.2,511.0,CAPE FEAR PILOT II,,WDA5087,90.0
366816340,2020-01-01T23:40:39,33.91672,-78.02336,0.0,255.8,511.0,CAPE FEAR PILOT II,,WDA5087,90.0
366816340,2020-01-01T23:43:39,33.91673,-78.02336,0.0,259.7,511.0,CAPE FEAR PILOT II,,WDA5087,90.0
366816340,2020-01-01T23:46:59,33.91673,-78.02336,0.0,255.7,511.0,CAPE FEAR PILOT II,,WDA5087,90.0
366816340,2020-01-01T23:48:19,33.91672,-78.02333,0.0,260.6,511.0,CAPE FEAR PILOT II,,WDA5087,90.0
366816340,2020-01-01T23:51:19,33.91672,-78.02336,0.0,257.5,511.0,CAPE FEAR PILOT II,,WDA5087,90.0
366816340,2020-01-01T23:54:18,33.91673,-78.02333,0.0,242.3,511.0,CAPE FEAR PILOT II,,WDA5087,90.0
366816340,2020-01-01T23:56:18,33.91674,-78.02335,0.0,241.8,511.0,CAPE FEAR PILOT II,,WDA5087,90.0
366816340,2020-01-01T23:57:39,33.91674,-78.02334,0.0,237.2,511.0,CAPE FEAR PILOT II,,WDA5087,90.0
366816340,2020-01-01T23:58:50,33.91673,-78.02338,0.0,232.8,511.0,CAPE FEAR PILOT II,,WDA5087,90.0
366816340,2020-01-01T23:59:59,33.91674,-78.02335,0.0,231.5,511.0,CAPE FEAR PILOT II,,WDA5087,90.0
