MMSI,BaseDateTime,LAT,LON,SOG,COG,Heading,VesselName,IMO,CallSign,VesselType
319250000,2020-01-01T00:01:59,25.79578,-80.14653,0.0,305.2,356.0,GAZELLE,IMO1008724,ZCPU4,37.0
319250000,2020-01-01T00:04:59,25.79579,-80.14652,0.0,258.0,356.0,GAZELLE,IMO1008724,ZCPU4,37.0
319250000,2020-01-01T00:07:59,25.79579,-80.14651,0.0,0.0,356.0,GAZELLE,IMO1008724,ZCPU4,37.0
319250000,2020-01-01T00:10:59,25.79579,-80.14649,0.0,69.0,356.0,GAZELLE,IMO1008724,ZCPU4,37.0
319250000,2020-01-01T00:13:59,25.79577,-80.14653,0.0,210.5,356.0,GAZELLE,IMO1008724,ZCPU4,37.0
319250000,2020-01-01T00:16:59,25.79579,-80.1465,0.0,276.8,356.0,GAZELLE,IMO1008724,ZCPU4,37.0
319250000,2020-01-01T00:19:59,25.79578,-80.14649,0.0,273.0,356.0,GAZELLE,IMO1008724,ZCPU4,37.0
319250000,2020-01-01T00:22:59,25.79579,-80.1465,0.0,183.1,356.0,GAZELLE,IMO1008724,ZCPU4,37.0
319250000,2020-01-01T00:25:59,25.79578,-80.1465,0.0,206.0,355.0,GAZELLE,IMO1008724,ZCPU4,37.0
319250000,2020-01-01T00:28:59,25.79578,-80.1465,0.0,226.7,356.0,GAZELLE,IMO1008724,ZCPU4,37.0
319250000,2020-01-01T00:31:59,25.79577,-80.1465,0.0,100.6,356.0,GAZELLE,IMO1008724,ZCPU4,37.0
319250000,2020-01-01T00:34:59,25.79578,-80.14651,0.0,246.9,355.0,GAZELLE,IMO1008724,ZCPU4,37.0
319250000,2020-01-01T00:37:59,25.7958,-80.1465,0.0,238.9,356.0,GAZELLE,IMO1008724,ZCPU4,37.0
319250000,2020-01-01T00:40:59,25.7958,-80.14648,0.0,204.7,356.0,GAZELLE,IMO1008724,ZCPU4,37.0
319250000,2020-01-01T00:43:59,25.79579,-80.1465,0.0,258.1,356.0,GAZELLE,IMO1008724,ZCPU4,37.0
319250000,2020-01-01T00:46:59,25.7958,-80.14651,0.0,206.3,356.0,GAZELLE,IMO1008724,ZCPU4,37.0
319250000,2020-01-01T00:49:59,25.79579,-80.14648,0.0,244.6,356.0,GAZELLE,IMO1008724,ZCPU4,37.0
319250000,2020-01-01T00:52:59,25.7958,-80.14648,0.0,245.8,357.0,GAZELLE,IMO1008724,ZCPU4,37.0
319250000,2020-01-01T00:55:59,25.79579,-80.14649,0.0,268.6,357.0,GAZELLE,IMO1008724,ZCPU4,37.0
319250000,2020-01-01T00:58:59,25.7958,-80.1465,0.0,256.8,357.0,GAZELLE,IMO1008724,ZCPU4,37.0
319250000,2020-01-01T01:01:59,25.7958,-80.14651,0.0,319.2,358.0,GAZELLE,IMO1008724,ZCPU4,37.0
319250000,2020-01-01T01:04:59,25.79577,-80.14646,0.0,223.0,357.0,GAZELLE,IMO1008724,ZCPU4,37.0
319250000,2020-01-01T01:07:59,25.79581,-80.1465,0.0,282.5,356.0,GAZELLE,IMO1008724,ZCPU4,37.0
319250000,2020-01-01T01:10:59,25.79581,-80.14649,0.0,106.4,357.0,GAZELLE,IMO1008724,ZCPU4,37.0
319250000,2020-01-01T01:13:59,25.7958,-80.14648,0.0,49.1,357.0,GAZELLE,IMO1008724,ZCPU4,37.0
319250000,2020-01-01T01:16:59,25.79578,-80.1465,0.0,172.6,356.0,GAZELLE,IMO1008724,ZCPU4,37.0
319250000,2020-01-01T01:19:59,25.79579,-80.14651,0.0,290.3,356.0,GAZELLE,IMO1008724,ZCPU4,37.0
319250000,2020-01-01T01:22:59,25.79579,-80.14651,0.0,182.7,355.0,GAZELLE,IMO1008724,ZCPU4,37.0
319250000,2020-01-01T01:25:59,25.79579,-80.14651,0.0,278.7,356.0,GAZELLE,IMO1008724,ZCPU4,37.0
319250000,2020-01-01T01:28:59,25.79578,-80.14651,0.0,256.0,356.0,GAZELLE,IMO1008724,ZCPU4,37.0
319250000,2020-01-01T01:31:59,25.7958,-80.14651,0.0,293.5,356.0,GAZELLE,IMO1008724,ZCPU4,37.0
319250000,2020-01-01T01:34:59,25.79579,-80.1465,0.0,298.9,356.0,GAZELLE,IMO1008724,ZCPU4,37.0
319250000,2020-01-01T01:37:59,25.7958,-80.14649,0.0,244.2,357.0,GAZELLE,IMO1008724,ZCPU4,37.0
319250000,2020-01-01T01:40:59,25.79578,-80.14649,0.0,214.7,357.0,GAZELLE,IMO1008724,ZCPU4,37.0
319250000,2020-01-01T01:43:59,25.79579,-80.1465,0.0,65.7,357.0,GAZELLE,IMO1008724,ZCPU4,37.0
319250000,2020-01-01T01:46:59,25.79579,-80.1465,0.0,264.7,357.0,GAZELLE,IMO1008724,ZCPU4,37.0
319250000,2020-01-01T01:49:59,25.79579,-80.1465,0.0,290.2,357.0,GAZELLE,IMO1008724,ZCPU4,37.0
319250000,2020-01-01T01:52:59,25.79581,-80.14649,0.0,306.2,356.0,GAZELLE,IMO1008724,ZCPU4,37.0
319250000,2020-01-01T01:55:59,25.79579,-80.14649,0.0,280.5,357.0,GAZELLE,IMO1008724,ZCPU4,37.0
319250000,2020-01-01T01:58:59,25.79573,-80.14644,0.0,286.8,357.0,GAZELLE,IMO1008724,ZCPU4,37.0
319250000,2020-01-01T02:01:59,25.79574,-80.14647,0.0,238.4,357.0,GAZELLE,IMO1008724,ZCPU4,37.0
319250000,2020-01-01T02:04:59,25.79576,-80.14649,0.0,319.7,356.0,GAZELLE,IMO1008724,ZCPU4,37.0
319250000,2020-01-01T02:07:59,25.79578,-80.1465,0.0,301.2,356.0,GAZELLE,IMO1008724,ZCPU4,37.0
319250000,2020-01-01T02:10:59,25.79578,-80.14649,0.0,186.2,357.0,GAZELLE,IMO1008724,ZCPU4,37.0
319250000,2020-01-01T02:13:59,25.79577,-80.1465,0.0,309.0,357.0,GAZELLE,IMO1008724,ZCPU4,37.0
319250000,2020-01-01T02:16:59,25.79581,-80.1465,0.0,212.8,357.0,GAZELLE,IMO1008724,ZCPU4,37.0
319250000,2020-01-01T02:19:59,25.79578,-80.14654,0.0,304.6,356.0,GAZELLE,IMO1008724,ZCPU4,37.0
319250000,2020-01-01T02:22:59,25.79582,-80.14652,0.0,298.7,356.0,GAZELLE,IMO1008724,ZCPU4,37.0
319250000,2020-01-01T02:28:59,25.79582,-80.14651,0.0,99.5,357.0,GAZELLE,IMO1008724,ZCPU4,37.0
319250000,2020-01-01T02:31:59,25.79582,-80.14652,0.0,346.9,356.0,GAZELLE,IMO1008724,ZCPU4,37.0
319250000,2020-01-01T02:34:59,25.79578,-80.14651,0.0,332.4,356.0,GAZELLE,IMO1008724,ZCPU4,37.0
319250000,2020-01-01T02:38:00,25.79582,-80.14651,0.0,263.6,357.0,GAZELLE,IMO1008724,ZCPU4,37.0
319250000,2020-01-01T02:40:59,25.79581,-80.14651,0.0,329.9,357.0,GAZELLE,IMO1008724,ZCPU4,37.0
319250000,2020-01-01T02:43:59,25.7958,-80.14651,0.0,315.8,356.0,GAZELLE,IMO1008724,ZCPU4,37.0
319250000,2020-01-01T02:46:59,25.7958,-80.14649,0.0,300.2,356.0,GAZELLE,IMO1008724,ZCPU4,37.0
319250000,2020-01-01T02:50:00,25.79579,-80.14651,0.0,314.1,356.0,GAZELLE,IMO1008724,ZCPU4,37.0
319250000,2020-01-01T02:52:59,25.7958,-80.14651,0.0,287.3,356.0,GAZELLE,IMO1008724,ZCPU4,37.0
319250000,2020-01-01T02:55:59,25.79583,-80.14652,0.0,92.6,356.0,GAZELLE,IMO1008724,ZCPU4,37.0
319250000,2020-01-01T02:58:59,25.7958,-80.14651,0.0,202.1,355.0,GAZELLE,IMO1008724,ZCPU4,37.0
319250000,2020-01-01T03:01:59,25.79579,-80.14651,0.0,207.3,355.0,GAZELLE,IMO1008724,ZCPU4,37.0
319250000,2020-01-01T03:04:59,25.79579,-80.14651,0.0,243.8,356.0,GAZELLE,IMO1008724,ZCPU4,37.0
319250000,2020-01-01T03:07:59,25.79576,-80.14648,0.1,299.5,356.0,GAZELLE,IMO1008724,ZCPU4,37.0
319250000,2020-01-01T03:10:59,25.79575,-80.14646,0.0,294.7,356.0,GAZELLE,IMO1008724,ZCPU4,37.0
319250000,2020-01-01T03:13:59,25.79577,-80.1465,0.0,292.0,356.0,GAZELLE,IMO1008724,ZCPU4,37.0
319250000,2020-01-01T03:16:59,25.79576,-80.14651,0.0,350.3,356.0,GAZELLE,IMO1008724,ZCPU4,37.0
319250000,2020-01-01T03:19:59,25.79575,-80.1465,0.0,320.0,356.0,GAZELLE,IMO1008724,ZCPU4,37.0
319250000,2020-01-01T03:22:59,25.79577,-80.14649,0.0,340.3,356.0,GAZELLE,IMO1008724,ZCPU4,37.0
319250000,2020-01-01T03:25:59,25.79575,-80.1465,0.0,355.5,357.0,GAZELLE,IMO1008724,ZCPU4,37.0
319250000,2020-01-01T03:28:59,25.79579,-80.14651,0.0,289.6,357.0,GAZELLE,IMO1008724,ZCPU4,37.0
319250000,2020-01-01T03:31:59,25.79574,-80.1465,0.0,341.7,357.0,GAZELLE,IMO1008724,ZCPU4,37.0
319250000,2020-01-01T03:34:59,25.79575,-80.14649,0.0,210.1,357.0,GAZELLE,IMO1008724,ZCPU4,37.0
319250000,2020-01-01T03:37:59,25.79575,-80.1465,0.0,308.5,357.0,GAZELLE,IMO1008724,ZCPU4,37.0
319250000,2020-01-01T03:40:59,25.79574,-80.14649,0.0,339.7,358.0,GAZELLE,IMO1008724,ZCPU4,37.0
319250000,2020-01-01T03:43:59,25.79575,-80.14649,0.0,316.5,357.0,GAZELLE,IMO1008724,ZCPU4,37.0
319250000,2020-01-01T03:46:59,25.79574,-80.1465,0.0,63.4,357.0,GAZELLE,IMO1008724,ZCPU4,37.0
319250000,2020-01-01T03:49:59,25.79575,-80.14651,0.1,24.5,357.0,GAZELLE,IMO1008724,ZCPU4,37.0
319250000,2020-01-01T03:52:59,25.79576,-80.14651,0.0,255.9,357.0,GAZELLE,IMO1008724,ZCPU4,37.0
319250000,2020-01-01T03:55:59,25.79577,-80.1465,0.0,266.5,357.0,GAZELLE,IMO1008724,ZCPU4,37.0
319250000,2020-01-01T03:58:59,25.79578,-80.14651,0.0,323.6,357.0,GAZELLE,IMO1008724,ZCPU4,37.0
319250000,2020-01-01T04:01:59,25.79578,-80.14652,0.0,304.4,357.0,GAZELLE,IMO1008724,ZCPU4,37.0
319250000,2020-01-01T04:04:59,25.79577,-80.1465,0.0,42.4,357.0,GAZELLE,IMO1008724,ZCPU4,37.0
319250000,2020-01-01T04:08:00,25.79574,-80.14648,0.0,329.1,357.0,GAZELLE,IMO1008724,ZCPU4,37.0
319250000,2020-01-01T04:10:59,25.79576,-80.14649,0.0,339.3,357.0,GAZELLE,IMO1008724,ZCPU4,37.0
319250000,2020-01-01T04:13:59,25.79574,-80.14647,0.0,143.9,357.0,GAZELLE,IMO1008724,ZCPU4,37.0
319250000,2020-01-01T04:16:59,25.79574,-80.1465,0.0,34.4,357.0,GAZELLE,IMO1008724,ZCPU4,37.0
319250000,2020-01-01T04:19:59,25.79577,-80.14647,0.0,255.2,357.0,GAZELLE,IMO1008724,ZCPU4,37.0
319250000,2020-01-01T04:23:00,25.79577,-80.14647,0.0,315.1,357.0,GAZELLE,IMO1008724,ZCPU4,37.0
319250000,2020-01-01T04:25:59,25.79578,-80.14647,0.0,238.4,356.0,GAZELLE,IMO1008724,ZCPU4,37.0
319250000,2020-01-01T04:28:59,25.79577,-80.14648,0.0,255.7,356.0,GAZELLE,IMO1008724,ZCPU4,37.0
319250000,2020-01-01T04:31:59,25.79579,-80.14648,0.0,56.9,357.0,GAZELLE,IMO1008724,ZCPU4,37.0
319250000,2020-01-01T04:35:00,25.79572,-80.14651,0.0,77.1,357.0,GAZELLE,IMO1008724,ZCPU4,37.0
319250000,2020-01-01T04:37:59,25.79577,-80.14649,0.0,351.9,357.0,GAZELLE,IMO1008724,ZCPU4,37.0
319250000,2020-01-01T04:40:59,25.79579,-80.14653,0.0,331.6,357.0,GAZELLE,IMO1008724,ZCPU4,37.0
319250000,2020-01-01T04:43:59,25.7958,-80.14652,0.0,317.1,357.0,GAZELLE,IMO1008724,ZCPU4,37.0
319250000,2020-01-01T04:46:59,25.79577,-80.14651,0.0,292.2,356.0,GAZELLE,IMO1008724,ZCPU4,37.0
319250000,2020-01-01T04:49:59,25.79579,-80.14652,0.0,273.2,356.0,GAZELLE,IMO1008724,ZCPU4,37.0
319250000,2020-01-01T04:52:59,25.79578,-80.1465,0.0,284.5,356.0,GAZELLE,IMO1008724,ZCPU4,37.0
319250000,2020-01-01T04:55:59,25.79576,-80.14647,0.0,305.2,357.0,GAZELLE,IMO1008724,ZCPU4,37.0
319250000,2020-01-01T04:59:00,25.79578,-80.14651,0.0,288.5,356.0,GAZELLE,IMO1008724,ZCPU4,37.0
319250000,2020-01-01T05:01:59,25.79577,-80.14648,0.0,21.4,356.0,GAZELLE,IMO1008724,ZCPU4,37.0
319250000,2020-01-01T05:04:59,25.79577,-80.14648,0.0,273.9,356.0,GAZELLE,IMO1008724,ZCPU4,37.0
319250000,2020-01-01T05:08:00,25.79576,-80.14647,0.0,308.5,357.0,GAZELLE,IMO1008724,ZCPU4,37.0
319250000,2020-01-01T05:11:00,25.79577,-80.14647,0.0,264.5,356.0,GAZELLE,IMO1008724,ZCPU4,37.0
319250000,2020-01-01T05:13:59,25.79577,-80.14647,0.0,251.7,356.0,GAZELLE,IMO1008724,ZCPU4,37.0
319250000,2020-01-01T05:16:59,25.79577,-80.14648,0.0,301.3,357.0,GAZELLE,IMO1008724,ZCPU4,37.0
319250000,2020-01-01T05:19:59,25.79577,-80.14648,0.0,290.4,357.0,GAZELLE,IMO1008724,ZCPU4,37.0
319250000,2020-01-01T05:22:59,25.79577,-80.14649,0.0,294.7,357.0,GAZELLE,IMO1008724,ZCPU4,37.0
319250000,2020-01-01T05:25:59,25.79578,-80.14649,0.0,297.3,357.0,GAZELLE,IMO1008724,ZCPU4,37.0
319250000,2020-01-01T05:28:59,25.79578,-80.1465,0.0,317.8,357.0,GAZELLE,IMO1008724,ZCPU4,37.0
319250000,2020-01-01T05:32:00,25.79577,-80.14649,0.0,311.6,357.0,GAZELLE,IMO1008724,ZCPU4,37.0
319250000,2020-01-01T05:34:59,25.79576,-80.1465,0.0,265.3,356.0,GAZELLE,IMO1008724,ZCPU4,37.0
319250000,2020-01-01T05:37:59,25.79578,-80.14649,0.0,59.6,357.0,GAZELLE,IMO1008724,ZCPU4,37.0
319250000,2020-01-01T05:41:00,25.79575,-80.14649,0.0,22.1,357.0,GAZELLE,IMO1008724,ZCPU4,37.0
319250000,2020-01-01T05:43:59,25.79576,-80.1465,0.0,267.9,356.0,GAZELLE,IMO1008724,ZCPU4,37.0
319250000,2020-01-01T05:47:00,25.79578,-80.14651,0.0,330.1,356.0,GAZELLE,IMO1008724,ZCPU4,37.0
319250000,2020-01-01T05:49:59,25.79574,-80.14648,0.0,353.8,357.0,GAZELLE,IMO1008724,ZCPU4,37.0
319250000,2020-01-01T05:53:00,25.79577,-80.14651,0.0,233.7,356.0,GAZELLE,IMO1008724,ZCPU4,37.0
319250000,2020-01-01T05:55:59,25.7958,-80.14651,0.0,210.0,356.0,GAZELLE,IMO1008724,ZCPU4,37.0
319250000,2020-01-01T05:59:00,25.79579,-80.14649,0.0,55.8,357.0,GAZELLE,IMO1008724,ZCPU4,37.0
319250000,2020-01-01T06:02:00,25.79581,-80.14651,0.0,1.5,356.0,GAZELLE,IMO1008724,ZCPU4,37.0
319250000,2020-01-01T06:04:59,25.79585,-80.14651,0.0,191.2,357.0,GAZELLE,IMO1008724,ZCPU4,37.0
319250000,2020-01-01T06:07:59,25.79579,-80.14647,0.0,116.9,357.0,GAZELLE,IMO1008724,ZCPU4,37.0
319250000,2020-01-01T06:10:59,25.79581,-80.1465,0.0,174.7,357.0,GAZELLE,IMO1008724,ZCPU4,37.0
319250000,2020-01-01T06:13:59,25.79579,-80.1465,0.0,216.3,356.0,GAZELLE,IMO1008724,ZCPU4,37.0
319250000,2020-01-01T06:17:00,25.79578,-80.14649,0.0,227.4,357.0,GAZELLE,IMO1008724,ZCPU4,37.0
319250000,2020-01-01T06:19:59,25.79578,-80.14651,0.0,222.6,357.0,GAZELLE,IMO1008724,ZCPU4,37.0
319250000,2020-01-01T06:22:59,25.79578,-80.14649,0.0,289.6,358.0,GAZELLE,IMO1008724,ZCPU4,37.0
319250000,2020-01-01T06:26:00,25.79577,-80.14649,0.0,238.6,356.0,GAZELLE,IMO1008724,ZCPU4,37.0
319250000,2020-01-01T06:28:59,25.79578,-80.14649,0.0,239.2,357.0,GAZELLE,IMO1008724,ZCPU4,37.0
319250000,2020-01-01T06:31:59,25.79578,-80.1465,0.0,279.9,356.0,GAZELLE,IMO1008724,ZCPU4,37.0
319250000,2020-01-01T06:34:59,25.79578,-80.14648,0.0,253.1,357.0,GAZELLE,IMO1008724,ZCPU4,37.0
319250000,2020-01-01T06:37:59,25.79577,-80.14651,0.0,142.1,357.0,GAZELLE,IMO1008724,ZCPU4,37.0
319250000,2020-01-01T06:40:59,25.79576,-80.14652,0.0,234.8,357.0,GAZELLE,IMO1008724,ZCPU4,37.0
319250000,2020-01-01T06:43:59,25.79578,-80.14652,0.0,142.0,357.0,GAZELLE,IMO1008724,ZCPU4,37.0
319250000,2020-01-01T06:46:59,25.79577,-80.14652,0.0,274.4,357.0,GAZELLE,IMO1008724,ZCPU4,37.0
319250000,2020-01-01T06:50:00,25.79578,-80.14651,0.0,203.8,356.0,GAZELLE,IMO1008724,ZCPU4,37.0
319250000,2020-01-01T06:53:00,25.79577,-80.14651,0.0,5.4,357.0,GAZELLE,IMO1008724,ZCPU4,37.0
319250000,2020-01-01T06:55:59,25.79578,-80.1465,0.0,150.9,356.0,GAZELLE,IMO1008724,ZCPU4,37.0
319250000,2020-01-01T06:59:00,25.79577,-80.14651,0.0,39.0,357.0,GAZELLE,IMO1008724,ZCPU4,37.0
319250000,2020-01-01T07:01:59,25.79578,-80.14651,0.0,234.0,357.0,GAZELLE,IMO1008724,ZCPU4,37.0
319250000,2020-01-01T07:04:59,25.79577,-80.1465,0.0,317.7,357.0,GAZELLE,IMO1008724,ZCPU4,37.0
319250000,2020-01-01T07:07:59,25.79575,-80.1465,0.0,252.3,357.0,GAZELLE,IMO1008724,ZCPU4,37.0
319250000,2020-01-01T07:11:00,25.79576,-80.1465,0.0,314.5,357.0,GAZELLE,IMO1008724,ZCPU4,37.0
319250000,2020-01-01T07:14:00,25.79578,-80.1465,0.0,211.5,357.0,GAZELLE,IMO1008724,ZCPU4,37.0
319250000,2020-01-01T07:16:59,25.79577,-80.14651,0.0,42.8,357.0,GAZELLE,IMO1008724,ZCPU4,37.0
319250000,2020-01-01T07:19:59,25.79576,-80.14652,0.0,235.3,357.0,GAZELLE,IMO1008724,ZCPU4,37.0
319250000,2020-01-01T07:23:00,25.79577,-80.14651,0.0,291.1,358.0,GAZELLE,IMO1008724,ZCPU4,37.0
319250000,2020-01-01T07:25:59,25.79577,-80.14651,0.0,342.8,357.0,GAZELLE,IMO1008724,ZCPU4,37.0
319250000,2020-01-01T07:28:59,25.79577,-80.14651,0.0,267.7,357.0,GAZELLE,IMO1008724,ZCPU4,37.0
319250000,2020-01-01T07:31:59,25.79573,-80.14647,0.0,245.0,357.0,GAZELLE,IMO1008724,ZCPU4,37.0
319250000,2020-01-01T07:34:59,25.79577,-80.14651,0.0,39.7,357.0,GAZELLE,IMO1008724,ZCPU4,37.0
319250000,2020-01-01T07:38:00,25.79577,-80.14654,0.0,257.4,357.0,GAZELLE,IMO1008724,ZCPU4,37.0
319250000,2020-01-01T07:40:59,25.79579,-80.14651,0.0,224.4,357.0,GAZELLE,IMO1008724,ZCPU4,37.0
319250000,2020-01-01T07:43:59,25.79579,-80.14651,0.0,353.3,357.0,GAZELLE,IMO1008724,ZCPU4,37.0
319250000,2020-01-01T07:49:59,25.79578,-80.14651,0.0,217.9,357.0,GAZELLE,IMO1008724,ZCPU4,37.0
319250000,2020-01-01T07:52:59,25.79579,-80.14653,0.0,25.6,357.0,GAZELLE,IMO1008724,ZCPU4,37.0
319250000,2020-01-01T07:56:00,25.79578,-80.14651,0.0,286.5,357.0,GAZELLE,IMO1008724,ZCPU4,37.0
319250000,2020-01-01T07:59:00,25.79578,-80.14652,0.0,227.4,357.0,GAZELLE,IMO1008724,ZCPU4,37.0
319250000,2020-01-01T08:01:59,25.79578,-80.14651,0.0,269.3,357.0,GAZELLE,IMO1008724,ZCPU4,37.0
319250000,2020-01-01T08:04:59,25.79579,-80.14652,0.0,165.6,357.0,GAZELLE,IMO1008724,ZCPU4,37.0
319250000,2020-01-01T08:10:59,25.79574,-80.14653,0.0,190.9,357.0,GAZELLE,IMO1008724,ZCPU4,37.0
319250000,2020-01-01T08:14:00,25.79578,-80.14652,0.0,204.0,357.0,GAZELLE,IMO1008724,ZCPU4,37.0
319250000,2020-01-01T08:17:00,25.79578,-80.14652,0.0,218.1,357.0,GAZELLE,IMO1008724,ZCPU4,37.0
319250000,2020-01-01T08:19:59,25.79578,-80.14651,0.0,17.0,357.0,GAZELLE,IMO1008724,ZCPU4,37.0
319250000,2020-01-01T08:22:59,25.79579,-80.14652,0.0,274.3,358.0,GAZELLE,IMO1008724,ZCPU4,37.0
319250000,2020-01-01T08:25:59,25.79577,-80.14651,0.0,168.1,357.0,GAZELLE,IMO1008724,ZCPU4,37.0
319250000,2020-01-01T08:28:59,25.79578,-80.1465,0.0,217.0,357.0,GAZELLE,IMO1008724,ZCPU4,37.0
319250000,2020-01-01T08:32:00,25.79576,-80.1465,0.0,303.0,357.0,GAZELLE,IMO1008724,ZCPU4,37.0
319250000,2020-01-01T08:35:00,25.79578,-80.1465,0.0,226.7,357.0,GAZELLE,IMO1008724,ZCPU4,37.0
319250000,2020-01-01T08:37:59,25.79578,-80.14649,0.0,344.4,357.0,GAZELLE,IMO1008724,ZCPU4,37.0
319250000,2020-01-01T08:41:00,25.79579,-80.1465,0.0,266.9,357.0,GAZELLE,IMO1008724,ZCPU4,37.0
319250000,2020-01-01T08:43:59,25.79578,-80.1465,0.0,106.1,357.0,GAZELLE,IMO1008724,ZCPU4,37.0
319250000,2020-01-01T08:47:00,25.79577,-80.1465,0.0,245.1,356.0,GAZELLE,IMO1008724,ZCPU4,37.0
319250000,2020-01-01T08:49:59,25.79578,-80.14651,0.0,216.5,356.0,GAZELLE,IMO1008724,ZCPU4,37.0
319250000,2020-01-01T08:53:00,25.79574,-80.14647,0.0,26.2,357.0,GAZELLE,IMO1008724,ZCPU4,37.0
319250000,2020-01-01T08:55:59,25.79578,-80.1465,0.0,233.9,357.0,GAZELLE,IMO1008724,ZCPU4,37.0
319250000,2020-01-01T08:59:00,25.7958,-80.14648,0.0,318.7,357.0,GAZELLE,IMO1008724,ZCPU4,37.0
319250000,2020-01-01T09:02:00,25.79578,-80.1465,0.0,207.7,357.0,GAZELLE,IMO1008724,ZCPU4,37.0
319250000,2020-01-01T09:05:00,25.79578,-80.14651,0.0,237.4,357.0,GAZELLE,IMO1008724,ZCPU4,37.0
319250000,2020-01-01T09:08:00,25.79571,-80.14648,0.0,23.5,357.0,GAZELLE,IMO1008724,ZCPU4,37.0
319250000,2020-01-01T09:11:00,25.79575,-80.1465,0.0,2.2,357.0,GAZELLE,IMO1008724,ZCPU4,37.0
319250000,2020-01-01T09:14:00,25.79573,-80.14649,0.0,76.4,357.0,GAZELLE,IMO1008724,ZCPU4,37.0
319250000,2020-01-01T09:17:00,25.79575,-80.14654,0.0,235.6,357.0,GAZELLE,IMO1008724,ZCPU4,37.0
319250000,2020-01-01T09:20:00,25.79571,-80.14647,0.0,117.8,357.0,GAZELLE,IMO1008724,ZCPU4,37.0
319250000,2020-01-01T09:23:00,25.79577,-80.14651,0.0,305.5,357.0,GAZELLE,IMO1008724,ZCPU4,37.0
319250000,2020-01-01T09:25:59,25.79573,-80.14648,0.0,38.4,357.0,GAZELLE,IMO1008724,ZCPU4,37.0
319250000,2020-01-01T09:29:00,25.79575,-80.1465,0.0,139.1,357.0,GAZELLE,IMO1008724,ZCPU4,37.0
319250000,2020-01-01T09:32:00,25.79577,-80.1465,0.0,105.4,357.0,GAZELLE,IMO1008724,ZCPU4,37.0
319250000,2020-01-01T09:34:59,25.79577,-80.1465,0.0,104.0,357.0,GAZELLE,IMO1008724,ZCPU4,37.0
319250000,2020-01-01T09:38:00,25.79577,-80.14651,0.0,109.1,356.0,GAZELLE,IMO1008724,ZCPU4,37.0
319250000,2020-01-01T09:41:00,25.79577,-80.1465,0.0,205.7,356.0,GAZELLE,IMO1008724,ZCPU4,37.0
319250000,2020-01-01T09:44:00,25.79577,-80.1465,0.0,208.1,357.0,GAZELLE,IMO1008724,ZCPU4,37.0
319250000,2020-01-01T09:47:00,25.79579,-80.14651,0.0,350.5,357.0,GAZELLE,IMO1008724,ZCPU4,37.0
319250000,2020-01-01T09:50:00,25.79578,-80.14651,0.0,221.7,357.0,GAZELLE,IMO1008724,ZCPU4,37.0
319250000,2020-01-01T09:53:00,25.79578,-80.1465,0.0,201.2,357.0,GAZELLE,IMO1008724,ZCPU4,37.0
319250000,2020-01-01T09:56:00,25.79579,-80.14651,0.0,45.0,357.0,GAZELLE,IMO1008724,ZCPU4,37.0
319250000,2020-01-01T09:58:59,25.79578,-80.14651,0.0,111.8,357.0,GAZELLE,IMO1008724,ZCPU4,37.0
319250000,2020-01-01T10:02:01,25.79579,-80.14651,0.0,222.3,358.0,GAZELLE,IMO1008724,ZCPU4,37.0
319250000,2020-01-01T10:05:00,25.79578,-80.14651,0.0,151.0,356.0,GAZELLE,IMO1008724,ZCPU4,37.0
319250000,2020-01-01T10:08:00,25.79578,-80.14653,0.0,309.8,357.0,GAZELLE,IMO1008724,ZCPU4,37.0
319250000,2020-01-01T10:11:00,25.79579,-80.14651,0.0,296.8,357.0,GAZELLE,IMO1008724,ZCPU4,37.0
319250000,2020-01-01T10:14:00,25.79578,-80.14651,0.0,317.0,357.0,GAZELLE,IMO1008724,ZCPU4,37.0
319250000,2020-01-01T10:17:00,25.79576,-80.14653,0.0,180.7,357.0,GAZELLE,IMO1008724,ZCPU4,37.0
319250000,2020-01-01T10:20:00,25.79576,-80.14655,0.0,242.0,358.0,GAZELLE,IMO1008724,ZCPU4,37.0
319250000,2020-01-01T10:23:00,25.79579,-80.14649,0.0,355.3,358.0,GAZELLE,IMO1008724,ZCPU4,37.0
319250000,2020-01-01T10:26:00,25.79578,-80.14649,0.0,180.2,358.0,GAZELLE,IMO1008724,ZCPU4,37.0
319250000,2020-01-01T10:31:59,25.79577,-80.14651,0.0,13.9,357.0,GAZELLE,IMO1008724,ZCPU4,37.0
319250000,2020-01-01T10:35:00,25.79575,-80.1465,0.0,315.2,357.0,GAZELLE,IMO1008724,ZCPU4,37.0
319250000,2020-01-01T10:38:00,25.79577,-80.14649,0.0,239.6,357.0,GAZELLE,IMO1008724,ZCPU4,37.0
319250000,2020-01-01T10:41:00,25.79575,-80.14647,0.0,223.4,357.0,GAZELLE,IMO1008724,ZCPU4,37.0
319250000,2020-01-01T10:44:00,25.79578,-80.1465,0.0,221.0,357.0,GAZELLE,IMO1008724,ZCPU4,37.0
319250000,2020-01-01T10:47:00,25.79577,-80.14648,0.0,284.7,357.0,GAZELLE,IMO1008724,ZCPU4,37.0
319250000,2020-01-01T10:50:00,25.79577,-80.1465,0.0,330.5,357.0,GAZELLE,IMO1008724,ZCPU4,37.0
319250000,2020-01-01T10:53:00,25.79577,-80.14649,0.0,248.7,357.0,GAZELLE,IMO1008724,ZCPU4,37.0
319250000,2020-01-01T10:56:00,25.79579,-80.14649,0.0,305.9,356.0,GAZELLE,IMO1008724,ZCPU4,37.0
319250000,2020-01-01T10:59:00,25.79577,-80.1465,0.0,305.1,357.0,GAZELLE,IMO1008724,ZCPU4,37.0
319250000,2020-01-01T11:02:00,25.7958,-80.1465,0.0,327.1,357.0,GAZELLE,IMO1008724,ZCPU4,37.0
319250000,2020-01-01T11:05:00,25.79579,-80.14652,0.0,281.7,357.0,GAZELLE,IMO1008724,ZCPU4,37.0
319250000,2020-01-01T11:08:01,25.79581,-80.14652,0.0,27.0,357.0,GAZELLE,IMO1008724,ZCPU4,37.0
319250000,2020-01-01T11:11:00,25.79581,-80.14651,0.0,321.5,357.0,GAZELLE,IMO1008724,ZCPU4,37.0
319250000,2020-01-01T11:14:00,25.79582,-80.14649,0.0,163.1,357.0,GAZELLE,IMO1008724,ZCPU4,37.0
319250000,2020-01-01T11:17:00,25.79581,-80.1465,0.0,256.3,358.0,GAZELLE,IMO1008724,ZCPU4,37.0
319250000,2020-01-01T11:20:00,25.79582,-80.1465,0.0,315.5,357.0,GAZELLE,IMO1008724,ZCPU4,37.0
319250000,2020-01-01T11:23:00,25.79579,-80.14649,0.0,194.0,357.0,GAZELLE,IMO1008724,ZCPU4,37.0
319250000,2020-01-01T11:26:00,25.79581,-80.14649,0.0,215.5,357.0,GAZELLE,IMO1008724,ZCPU4,37.0
319250000,2020-01-01T11:29:00,25.7958,-80.14649,0.0,207.3,358.0,GAZELLE,IMO1008724,ZCPU4,37.0
319250000,2020-01-01T11:32:00,25.79581,-80.1465,0.0,135.5,357.0,GAZELLE,IMO1008724,ZCPU4,37.0
319250000,2020-01-01T11:35:00,25.79581,-80.14649,0.0,276.8,357.0,GAZELLE,IMO1008724,ZCPU4,37.0
319250000,2020-01-01T11:38:00,25.7958,-80.1465,0.0,240.9,356.0,GAZELLE,IMO1008724,ZCPU4,37.0
319250000,2020-01-01T11:41:00,25.7958,-80.1465,0.0,169.1,357.0,GAZELLE,IMO1008724,ZCPU4,37.0
319250000,2020-01-01T11:44:00,25.79579,-80.14649,0.0,221.1,357.0,GAZELLE,IMO1008724,ZCPU4,37.0
319250000,2020-01-01T11:47:00,25.79579,-80.1465,0.0,251.3,356.0,GAZELLE,IMO1008724,ZCPU4,37.0
319250000,2020-01-01T11:50:00,25.7958,-80.14651,0.0,286.2,356.0,GAZELLE,IMO1008724,ZCPU4,37.0
319250000,2020-01-01T11:53:00,25.7958,-80.14651,0.0,287.2,356.0,GAZELLE,IMO1008724,ZCPU4,37.0
319250000,2020-01-01T11:56:00,25.79579,-80.1465,0.0,218.3,357.0,GAZELLE,IMO1008724,ZCPU4,37.0
319250000,2020-01-01T11:59:00,25.79578,-80.1465,0.0,264.6,356.0,GAZELLE,IMO1008724,ZCPU4,37.0
319250000,2020-01-01T12:02:00,25.79579,-80.14651,0.0,306.3,356.0,GAZELLE,IMO1008724,ZCPU4,37.0
319250000,2020-01-01T12:05:00,25.79578,-80.1465,0.0,279.0,356.0,GAZELLE,IMO1008724,ZCPU4,37.0
319250000,2020-01-01T12:08:00,25.79578,-80.14649,0.0,195.3,356.0,GAZELLE,IMO1008724,ZCPU4,37.0
319250000,2020-01-01T12:11:00,25.79579,-80.1465,0.0,117.6,356.0,GAZELLE,IMO1008724,ZCPU4,37.0
319250000,2020-01-01T12:14:00,25.7958,-80.1465,0.0,245.7,356.0,GAZELLE,IMO1008724,ZCPU4,37.0
319250000,2020-01-01T12:17:00,25.79579,-80.14652,0.0,282.9,356.0,GAZELLE,IMO1008724,ZCPU4,37.0
319250000,2020-01-01T12:20:00,25.7958,-80.14651,0.0,49.1,357.0,GAZELLE,IMO1008724,ZCPU4,37.0
319250000,2020-01-01T12:23:00,25.79578,-80.14651,0.0,263.2,357.0,GAZELLE,IMO1008724,ZCPU4,37.0
319250000,2020-01-01T12:26:00,25.79579,-80.14651,0.0,350.7,357.0,GAZELLE,IMO1008724,ZCPU4,37.0
319250000,2020-01-01T12:29:00,25.7958,-80.14651,0.0,288.7,356.0,GAZELLE,IMO1008724,ZCPU4,37.0
319250000,2020-01-01T12:32:00,25.79579,-80.14652,0.0,122.7,357.0,GAZELLE,IMO1008724,ZCPU4,37.0
319250000,2020-01-01T12:35:00,25.79579,-80.14651,0.0,255.1,357.0,GAZELLE,IMO1008724,ZCPU4,37.0
319250000,2020-01-01T12:38:00,25.79579,-80.14651,0.0,271.8,357.0,GAZELLE,IMO1008724,ZCPU4,37.0
319250000,2020-01-01T12:41:00,25.79579,-80.14651,0.0,27.0,356.0,GAZELLE,IMO1008724,ZCPU4,37.0
319250000,2020-01-01T12:44:00,25.79579,-80.14652,0.0,286.2,357.0,GAZELLE,IMO1008724,ZCPU4,37.0
319250000,2020-01-01T12:47:00,25.79579,-80.14651,0.0,26.4,357.0,GAZELLE,IMO1008724,ZCPU4,37.0
319250000,2020-01-01T12:50:00,25.7958,-80.1465,0.0,246.6,357.0,GAZELLE,IMO1008724,ZCPU4,37.0
319250000,2020-01-01T12:53:00,25.7958,-80.14651,0.0,239.7,357.0,GAZELLE,IMO1008724,ZCPU4,37.0
319250000,2020-01-01T12:56:00,25.79581,-80.14651,0.0,239.1,357.0,GAZELLE,IMO1008724,ZCPU4,37.0
319250000,2020-01-01T12:59:00,25.79582,-80.14651,0.0,262.3,357.0,GAZELLE,IMO1008724,ZCPU4,37.0
319250000,2020-01-01T13:02:00,25.79579,-80.14651,0.0,245.9,356.0,GAZELLE,IMO1008724,ZCPU4,37.0
319250000,2020-01-01T13:05:00,25.79581,-80.14653,0.0,245.2,356.0,GAZELLE,IMO1008724,ZCPU4,37.0
319250000,2020-01-01T13:08:00,25.79579,-80.14651,0.0,240.4,357.0,GAZELLE,IMO1008724,ZCPU4,37.0
319250000,2020-01-01T13:11:00,25.79579,-80.14652,0.0,294.3,357.0,GAZELLE,IMO1008724,ZCPU4,37.0
319250000,2020-01-01T13:14:00,25.7958,-80.14651,0.0,266.7,357.0,GAZELLE,IMO1008724,ZCPU4,37.0
319250000,2020-01-01T13:17:00,25.79579,-80.1465,0.0,231.1,356.0,GAZELLE,IMO1008724,ZCPU4,37.0
319250000,2020-01-01T13:20:00,25.7958,-80.14651,0.0,189.5,357.0,GAZELLE,IMO1008724,ZCPU4,37.0
319250000,2020-01-01T13:23:00,25.79578,-80.14651,0.0,264.3,357.0,GAZELLE,IMO1008724,ZCPU4,37.0
319250000,2020-01-01T13:26:00,25.7958,-80.1465,0.0,309.7,357.0,GAZELLE,IMO1008724,ZCPU4,37.0
319250000,2020-01-01T13:29:00,25.79579,-80.1465,0.0,319.5,357.0,GAZELLE,IMO1008724,ZCPU4,37.0
319250000,2020-01-01T13:32:00,25.79579,-80.14651,0.0,245.2,357.0,GAZELLE,IMO1008724,ZCPU4,37.0
319250000,2020-01-01T13:35:00,25.79579,-80.1465,0.0,267.2,357.0,GAZELLE,IMO1008724,ZCPU4,37.0
319250000,2020-01-01T13:38:00,25.7958,-80.1465,0.0,285.8,357.0,GAZELLE,IMO1008724,ZCPU4,37.0
319250000,2020-01-01T13:41:00,25.79576,-80.14648,0.0,259.1,357.0,GAZELLE,IMO1008724,ZCPU4,37.0
319250000,2020-01-01T13:44:00,25.79578,-80.14651,0.0,301.2,357.0,GAZELLE,IMO1008724,ZCPU4,37.0
319250000,2020-01-01T13:47:00,25.79578,-80.14649,0.0,267.2,357.0,GAZELLE,IMO1008724,ZCPU4,37.0
319250000,2020-01-01T13:50:00,25.79578,-80.1465,0.0,318.1,357.0,GAZELLE,IMO1008724,ZCPU4,37.0
319250000,2020-01-01T13:53:00,25.79579,-80.14651,0.0,334.3,357.0,GAZELLE,IMO1008724,ZCPU4,37.0
319250000,2020-01-01T13:56:00,25.7958,-80.14651,0.0,261.4,356.0,GAZELLE,IMO1008724,ZCPU4,37.0
319250000,2020-01-01T13:59:00,25.79579,-80.1465,0.0,269.2,356.0,GAZELLE,IMO1008724,ZCPU4,37.0
319250000,2020-01-01T14:02:00,25.79579,-80.14649,0.0,332.1,357.0,GAZELLE,IMO1008724,ZCPU4,37.0
319250000,2020-01-01T14:05:00,25.79579,-80.14648,0.0,277.2,357.0,GAZELLE,IMO1008724,ZCPU4,37.0
319250000,2020-01-01T14:08:00,25.79583,-80.14652,0.0,306.4,357.0,GAZELLE,IMO1008724,ZCPU4,37.0
319250000,2020-01-01T14:11:00,25.7958,-80.14651,0.0,295.1,356.0,GAZELLE,IMO1008724,ZCPU4,37.0
319250000,2020-01-01T14:14:00,25.79582,-80.14651,0.0,297.6,357.0,GAZELLE,IMO1008724,ZCPU4,37.0
319250000,2020-01-01T14:17:00,25.79582,-80.14652,0.0,313.0,357.0,GAZELLE,IMO1008724,ZCPU4,37.0
319250000,2020-01-01T14:20:00,25.79584,-80.14651,0.0,349.5,357.0,GAZELLE,IMO1008724,ZCPU4,37.0
319250000,2020-01-01T14:23:00,25.79581,-80.14651,0.0,247.5,356.0,GAZELLE,IMO1008724,ZCPU4,37.0
319250000,2020-01-01T14:26:00,25.7958,-80.14649,0.0,161.6,357.0,GAZELLE,IMO1008724,ZCPU4,37.0
319250000,2020-01-01T14:29:00,25.7958,-80.1465,0.0,202.0,356.0,GAZELLE,IMO1008724,ZCPU4,37.0
319250000,2020-01-01T14:32:00,25.79579,-80.1465,0.0,358.3,356.0,GAZELLE,IMO1008724,ZCPU4,37.0
319250000,2020-01-01T14:35:00,25.7958,-80.14651,0.0,270.6,356.0,GAZELLE,IMO1008724,ZCPU4,37.0
319250000,2020-01-01T14:38:00,25.79581,-80.14651,0.0,153.8,356.0,GAZELLE,IMO1008724,ZCPU4,37.0
319250000,2020-01-01T14:41:00,25.79581,-80.1465,0.0,192.9,357.0,GAZELLE,IMO1008724,ZCPU4,37.0
319250000,2020-01-01T14:44:00,25.79579,-80.1465,0.0,180.0,356.0,GAZELLE,IMO1008724,ZCPU4,37.0
319250000,2020-01-01T14:47:00,25.79579,-80.14649,0.0,79.5,357.0,GAZELLE,IMO1008724,ZCPU4,37.0
319250000,2020-01-01T14:50:00,25.79578,-80.1465,0.0,227.8,356.0,GAZELLE,IMO1008724,ZCPU4,37.0
319250000,2020-01-01T14:53:00,25.79579,-80.1465,0.0,61.0,356.0,GAZELLE,IMO1008724,ZCPU4,37.0
319250000,2020-01-01T14:56:00,25.79578,-80.1465,0.0,191.0,356.0,GAZELLE,IMO1008724,ZCPU4,37.0
319250000,2020-01-01T14:59:00,25.79579,-80.1465,0.0,46.1,356.0,GAZELLE,IMO1008724,ZCPU4,37.0
319250000,2020-01-01T15:02:00,25.79578,-80.14651,0.0,209.9,356.0,GAZELLE,IMO1008724,ZCPU4,37.0
319250000,2020-01-01T15:12:31,25.79579,-80.14649,0.0,248.2,356.0,GAZELLE,IMO1008724,ZCPU4,37.0
319250000,2020-01-01T15:15:30,25.7958,-80.14648,0.0,204.2,356.0,GAZELLE,IMO1008724,ZCPU4,37.0
319250000,2020-01-01T15:18:30,25.79579,-80.14651,0.0,236.0,356.0,GAZELLE,IMO1008724,ZCPU4,37.0
319250000,2020-01-01T15:21:30,25.7958,-80.14649,0.0,229.5,357.0,GAZELLE,IMO1008724,ZCPU4,37.0
319250000,2020-01-01T15:24:30,25.79581,-80.14649,0.0,203.5,357.0,GAZELLE,IMO1008724,ZCPU4,37.0
319250000,2020-01-01T15:27:30,25.7958,-80.1465,0.0,173.7,357.0,GAZELLE,IMO1008724,ZCPU4,37.0
319250000,2020-01-01T15:30:30,25.7958,-80.14651,0.0,162.8,357.0,GAZELLE,IMO1008724,ZCPU4,37.0
319250000,2020-01-01T15:33:30,25.79579,-80.14651,0.0,298.5,357.0,GAZELLE,IMO1008724,ZCPU4,37.0
319250000,2020-01-01T15:36:30,25.7958,-80.14651,0.0,312.8,357.0,GAZELLE,IMO1008724,ZCPU4,37.0
319250000,2020-01-01T15:39:30,25.79581,-80.14653,0.0,198.5,357.0,GAZELLE,IMO1008724,ZCPU4,37.0
319250000,2020-01-01T15:42:30,25.79581,-80.14652,0.0,117.0,357.0,GAZELLE,IMO1008724,ZCPU4,37.0
319250000,2020-01-01T15:45:30,25.7958,-80.14653,0.0,327.3,357.0,GAZELLE,IMO1008724,ZCPU4,37.0
319250000,2020-01-01T15:48:30,25.79581,-80.14652,0.0,217.6,357.0,GAZELLE,IMO1008724,ZCPU4,37.0
319250000,2020-01-01T15:51:30,25.7958,-80.1465,0.0,234.3,357.0,GAZELLE,IMO1008724,ZCPU4,37.0
319250000,2020-01-01T15:54:30,25.7958,-80.14651,0.0,333.0,357.0,GAZELLE,IMO1008724,ZCPU4,37.0
319250000,2020-01-01T15:57:30,25.7958,-80.14651,0.0,255.3,357.0,GAZELLE,IMO1008724,ZCPU4,37.0
319250000,2020-01-01T16:00:30,25.79581,-80.1465,0.0,215.7,357.0,GAZELLE,IMO1008724,ZCPU4,37.0
319250000,2020-01-01T16:03:30,25.7958,-80.14651,0.0,251.8,357.0,GAZELLE,IMO1008724,ZCPU4,37.0
319250000,2020-01-01T16:06:30,25.79579,-80.14651,0.0,239.7,357.0,GAZELLE,IMO1008724,ZCPU4,37.0
319250000,2020-01-01T16:09:30,25.79579,-80.1465,0.0,222.3,357.0,GAZELLE,IMO1008724,ZCPU4,37.0
319250000,2020-01-01T16:12:30,25.7958,-80.14651,0.0,285.9,357.0,GAZELLE,IMO1008724,ZCPU4,37.0
319250000,2020-01-01T16:24:15,25.79579,-80.14651,0.0,151.2,356.0,GAZELLE,IMO1008724,ZCPU4,37.0
319250000,2020-01-01T16:27:14,25.79579,-80.1465,0.0,233.4,357.0,GAZELLE,IMO1008724,ZCPU4,37.0
319250000,2020-01-01T16:30:14,25.7958,-80.1465,0.0,340.7,357.0,GAZELLE,IMO1008724,ZCPU4,37.0
319250000,2020-01-01T16:33:14,25.7958,-80.14651,0.0,166.2,356.0,GAZELLE,IMO1008724,ZCPU4,37.0
319250000,2020-01-01T16:39:15,25.7958,-80.1465,0.0,292.2,356.0,GAZELLE,IMO1008724,ZCPU4,37.0
319250000,2020-01-01T16:42:14,25.79579,-80.14651,0.0,234.4,356.0,GAZELLE,IMO1008724,ZCPU4,37.0
319250000,2020-01-01T16:45:14,25.79579,-80.14652,0.1,280.0,356.0,GAZELLE,IMO1008724,ZCPU4,37.0
319250000,2020-01-01T16:48:14,25.79579,-80.14653,0.0,301.7,356.0,GAZELLE,IMO1008724,ZCPU4,37.0
319250000,2020-01-01T16:51:14,25.79579,-80.14653,0.0,312.6,356.0,GAZELLE,IMO1008724,ZCPU4,37.0
319250000,2020-01-01T16:54:14,25.79579,-80.14654,0.0,232.8,356.0,GAZELLE,IMO1008724,ZCPU4,37.0
319250000,2020-01-01T16:57:14,25.79578,-80.14652,0.0,278.4,356.0,GAZELLE,IMO1008724,ZCPU4,37.0
319250000,2020-01-01T17:00:14,25.79578,-80.1465,0.0,327.9,356.0,GAZELLE,IMO1008724,ZCPU4,37.0
319250000,2020-01-01T17:03:14,25.7958,-80.14649,0.0,209.1,356.0,GAZELLE,IMO1008724,ZCPU4,37.0
319250000,2020-01-01T17:06:14,25.79578,-80.14651,0.0,264.5,356.0,GAZELLE,IMO1008724,ZCPU4,37.0
319250000,2020-01-01T17:09:14,25.79579,-80.14651,0.0,257.7,356.0,GAZELLE,IMO1008724,ZCPU4,37.0
319250000,2020-01-01T17:12:15,25.79577,-80.1465,0.0,218.2,356.0,GAZELLE,IMO1008724,ZCPU4,37.0
319250000,2020-01-01T17:15:14,25.79579,-80.14651,0.0,92.4,356.0,GAZELLE,IMO1008724,ZCPU4,37.0
319250000,2020-01-01T17:18:14,25.79578,-80.1465,0.0,90.4,356.0,GAZELLE,IMO1008724,ZCPU4,37.0
319250000,2020-01-01T17:21:14,25.79578,-80.14649,0.0,247.7,357.0,GAZELLE,IMO1008724,ZCPU4,37.0
319250000,2020-01-01T17:24:14,25.79578,-80.14649,0.0,253.1,357.0,GAZELLE,IMO1008724,ZCPU4,37.0
319250000,2020-01-01T17:27:14,25.79579,-80.1465,0.0,227.4,357.0,GAZELLE,IMO1008724,ZCPU4,37.0
319250000,2020-01-01T17:30:14,25.79578,-80.1465,0.0,188.4,357.0,GAZELLE,IMO1008724,ZCPU4,37.0
319250000,2020-01-01T17:33:15,25.79578,-80.14652,0.0,291.7,357.0,GAZELLE,IMO1008724,ZCPU4,37.0
319250000,2020-01-01T17:36:14,25.79578,-80.14652,0.0,242.9,357.0,GAZELLE,IMO1008724,ZCPU4,37.0
319250000,2020-01-01T17:39:14,25.79578,-80.14651,0.0,255.7,357.0,GAZELLE,IMO1008724,ZCPU4,37.0
319250000,2020-01-01T17:42:15,25.79579,-80.14652,0.0,271.3,357.0,GAZELLE,IMO1008724,ZCPU4,37.0
319250000,2020-01-01T17:45:15,25.79579,-80.1465,0.0,271.2,356.0,GAZELLE,IMO1008724,ZCPU4,37.0
319250000,2020-01-01T17:48:14,25.79578,-80.14651,0.0,253.4,356.0,GAZELLE,IMO1008724,ZCPU4,37.0
319250000,2020-01-01T17:51:14,25.79579,-80.14651,0.0,144.8,357.0,GAZELLE,IMO1008724,ZCPU4,37.0
319250000,2020-01-01T17:54:14,25.79579,-80.1465,0.0,287.4,356.0,GAZELLE,IMO1008724,ZCPU4,37.0
319250000,2020-01-01T17:57:14,25.7958,-80.1465,0.0,54.8,356.0,GAZELLE,IMO1008724,ZCPU4,37.0
319250000,2020-01-01T18:03:15,25.79578,-80.14649,0.0,176.3,356.0,GAZELLE,IMO1008724,ZCPU4,37.0
319250000,2020-01-01T18:06:14,25.79578,-80.1465,0.0,285.5,357.0,GAZELLE,IMO1008724,ZCPU4,37.0
319250000,2020-01-01T18:09:14,25.79578,-80.14648,0.0,283.8,356.0,GAZELLE,IMO1008724,ZCPU4,37.0
319250000,2020-01-01T18:12:14,25.79577,-80.14649,0.0,269.4,357.0,GAZELLE,IMO1008724,ZCPU4,37.0
319250000,2020-01-01T18:15:14,25.79577,-80.1465,0.0,231.8,357.0,GAZELLE,IMO1008724,ZCPU4,37.0
319250000,2020-01-01T18:18:14,25.79578,-80.1465,0.0,316.1,357.0,GAZELLE,IMO1008724,ZCPU4,37.0
319250000,2020-01-01T18:21:14,25.79577,-80.14651,0.0,38.8,357.0,GAZELLE,IMO1008724,ZCPU4,37.0
319250000,2020-01-01T18:24:14,25.79578,-80.14648,0.0,342.3,358.0,GAZELLE,IMO1008724,ZCPU4,37.0
319250000,2020-01-01T18:27:15,25.79579,-80.14649,0.0,253.5,357.0,GAZELLE,IMO1008724,ZCPU4,37.0
319250000,2020-01-01T18:30:14,25.79578,-80.1465,0.0,27.6,357.0,GAZELLE,IMO1008724,ZCPU4,37.0
319250000,2020-01-01T18:33:15,25.79579,-80.1465,0.0,280.4,357.0,GAZELLE,IMO1008724,ZCPU4,37.0
319250000,2020-01-01T18:36:15,25.79578,-80.14651,0.0,50.1,357.0,GAZELLE,IMO1008724,ZCPU4,37.0
319250000,2020-01-01T18:39:14,25.79579,-80.1465,0.0,327.0,357.0,GAZELLE,IMO1008724,ZCPU4,37.0
319250000,2020-01-01T18:42:15,25.79579,-80.14651,0.0,359.5,357.0,GAZELLE,IMO1008724,ZCPU4,37.0
319250000,2020-01-01T18:45:14,25.79578,-80.14651,0.0,237.1,357.0,GAZELLE,IMO1008724,ZCPU4,37.0
319250000,2020-01-01T18:48:14,25.79579,-80.14651,0.0,281.4,356.0,GAZELLE,IMO1008724,ZCPU4,37.0
319250000,2020-01-01T18:51:14,25.79578,-80.14651,0.0,117.3,356.0,GAZELLE,IMO1008724,ZCPU4,37.0
319250000,2020-01-01T18:54:14,25.79578,-80.14651,0.0,236.0,357.0,GAZELLE,IMO1008724,ZCPU4,37.0
319250000,2020-01-01T18:57:14,25.79578,-80.14651,0.0,155.0,357.0,GAZELLE,IMO1008724,ZCPU4,37.0
319250000,2020-01-01T19:00:15,25.79578,-80.14649,0.0,305.9,357.0,GAZELLE,IMO1008724,ZCPU4,37.0
319250000,2020-01-01T19:03:15,25.79579,-80.1465,0.0,321.1,356.0,GAZELLE,IMO1008724,ZCPU4,37.0
319250000,2020-01-01T19:06:15,25.79578,-80.14651,0.0,28.0,356.0,GAZELLE,IMO1008724,ZCPU4,37.0
319250000,2020-01-01T19:09:15,25.79578,-80.14649,0.0,188.8,356.0,GAZELLE,IMO1008724,ZCPU4,37.0
319250000,2020-01-01T19:15:14,25.79579,-80.1465,0.0,231.8,356.0,GAZELLE,IMO1008724,ZCPU4,37.0
319250000,2020-01-01T19:18:15,25.79578,-80.14652,0.0,179.0,356.0,GAZELLE,IMO1008724,ZCPU4,37.0
319250000,2020-01-01T19:21:14,25.7958,-80.1465,0.0,345.4,356.0,GAZELLE,IMO1008724,ZCPU4,37.0
319250000,2020-01-01T19:24:15,25.7958,-80.14651,0.0,229.1,355.0,GAZELLE,IMO1008724,ZCPU4,37.0
319250000,2020-01-01T19:27:15,25.79578,-80.14652,0.0,302.3,356.0,GAZELLE,IMO1008724,ZCPU4,37.0
319250000,2020-01-01T19:30:14,25.79579,-80.14653,0.0,322.7,356.0,GAZELLE,IMO1008724,ZCPU4,37.0
319250000,2020-01-01T19:33:15,25.79578,-80.14655,0.0,207.6,356.0,GAZELLE,IMO1008724,ZCPU4,37.0
319250000,2020-01-01T19:39:14,25.79583,-80.14653,0.0,282.1,356.0,GAZELLE,IMO1008724,ZCPU4,37.0
319250000,2020-01-01T19:42:15,25.79582,-80.14653,0.0,124.7,356.0,GAZELLE,IMO1008724,ZCPU4,37.0
319250000,2020-01-01T19:45:14,25.79579,-80.14652,0.0,47.1,357.0,GAZELLE,IMO1008724,ZCPU4,37.0
319250000,2020-01-01T19:48:15,25.79578,-80.14651,0.0,283.1,356.0,GAZELLE,IMO1008724,ZCPU4,37.0
319250000,2020-01-01T19:51:14,25.79579,-80.14652,0.0,242.1,356.0,GAZELLE,IMO1008724,ZCPU4,37.0
319250000,2020-01-01T19:54:15,25.79579,-80.14651,0.0,150.8,357.0,GAZELLE,IMO1008724,ZCPU4,37.0
319250000,2020-01-01T19:57:14,25.79579,-80.14651,0.0,231.6,356.0,GAZELLE,IMO1008724,ZCPU4,37.0
319250000,2020-01-01T20:00:14,25.79579,-80.14651,0.0,282.3,357.0,GAZELLE,IMO1008724,ZCPU4,37.0
319250000,2020-01-01T20:03:15,25.79579,-80.14651,0.0,274.5,356.0,GAZELLE,IMO1008724,ZCPU4,37.0
319250000,2020-01-01T20:06:14,25.7958,-80.1465,0.0,133.9,356.0,GAZELLE,IMO1008724,ZCPU4,37.0
319250000,2020-01-01T20:09:14,25.79579,-80.14649,0.0,192.9,356.0,GAZELLE,IMO1008724,ZCPU4,37.0
319250000,2020-01-01T20:12:15,25.79579,-80.1465,0.0,185.4,356.0,GAZELLE,IMO1008724,ZCPU4,37.0
319250000,2020-01-01T20:15:14,25.7958,-80.14651,0.0,111.7,356.0,GAZELLE,IMO1008724,ZCPU4,37.0
319250000,2020-01-01T20:18:14,25.79578,-80.1465,0.0,269.1,356.0,GAZELLE,IMO1008724,ZCPU4,37.0
319250000,2020-01-01T20:21:15,25.79579,-80.1465,0.0,110.2,356.0,GAZELLE,IMO1008724,ZCPU4,37.0
319250000,2020-01-01T20:24:14,25.79579,-80.14651,0.0,253.6,356.0,GAZELLE,IMO1008724,ZCPU4,37.0
319250000,2020-01-01T20:27:15,25.79579,-80.14651,0.0,262.4,356.0,GAZELLE,IMO1008724,ZCPU4,37.0
319250000,2020-01-01T20:30:15,25.79579,-80.14651,0.0,354.7,357.0,GAZELLE,IMO1008724,ZCPU4,37.0
319250000,2020-01-01T20:33:14,25.79578,-80.14651,0.0,293.4,356.0,GAZELLE,IMO1008724,ZCPU4,37.0
319250000,2020-01-01T20:36:14,25.79579,-80.14651,0.0,278.4,356.0,GAZELLE,IMO1008724,ZCPU4,37.0
319250000,2020-01-01T20:39:14,25.79578,-80.1465,0.0,271.4,356.0,GAZELLE,IMO1008724,ZCPU4,37.0
319250000,2020-01-01T20:42:15,25.7958,-80.14651,0.0,334.5,356.0,GAZELLE,IMO1008724,ZCPU4,37.0
319250000,2020-01-01T20:45:14,25.79581,-80.1465,0.0,329.3,357.0,GAZELLE,IMO1008724,ZCPU4,37.0
319250000,2020-01-01T20:48:15,25.79579,-80.14649,0.0,152.6,357.0,GAZELLE,IMO1008724,ZCPU4,37.0
319250000,2020-01-01T20:51:15,25.79579,-80.1465,0.0,323.7,357.0,GAZELLE,IMO1008724,ZCPU4,37.0
319250000,2020-01-01T20:54:15,25.7958,-80.14649,0.1,45.4,356.0,GAZELLE,IMO1008724,ZCPU4,37.0
319250000,2020-01-01T20:57:15,25.79579,-80.1465,0.0,313.5,356.0,GAZELLE,IMO1008724,ZCPU4,37.0
319250000,2020-01-01T21:00:15,25.7958,-80.1465,0.0,160.4,357.0,GAZELLE,IMO1008724,ZCPU4,37.0
319250000,2020-01-01T21:03:15,25.79581,-80.1465,0.0,314.2,356.0,GAZELLE,IMO1008724,ZCPU4,37.0
319250000,2020-01-01T21:06:15,25.79579,-80.1465,0.0,310.4,356.0,GAZELLE,IMO1008724,ZCPU4,37.0
319250000,2020-01-01T21:09:15,25.7958,-80.1465,0.0,82.0,356.0,GAZELLE,IMO1008724,ZCPU4,37.0
319250000,2020-01-01T21:12:15,25.7958,-80.1465,0.0,38.9,356.0,GAZELLE,IMO1008724,ZCPU4,37.0
319250000,2020-01-01T21:15:15,25.7958,-80.1465,0.0,7.0,355.0,GAZELLE,IMO1008724,ZCPU4,37.0
319250000,2020-01-01T21:18:15,25.79578,-80.14651,0.0,223.9,356.0,GAZELLE,IMO1008724,ZCPU4,37.0
319250000,2020-01-01T21:21:15,25.79579,-80.14651,0.0,42.0,356.0,GAZELLE,IMO1008724,ZCPU4,37.0
319250000,2020-01-01T21:24:15,25.7958,-80.14653,0.0,348.8,356.0,GAZELLE,IMO1008724,ZCPU4,37.0
319250000,2020-01-01T21:27:15,25.7958,-80.14652,0.0,331.2,356.0,GAZELLE,IMO1008724,ZCPU4,37.0
319250000,2020-01-01T21:30:15,25.7958,-80.14653,0.0,330.3,356.0,GAZELLE,IMO1008724,ZCPU4,37.0
319250000,2020-01-01T21:33:15,25.7958,-80.14652,0.0,64.7,357.0,GAZELLE,IMO1008724,ZCPU4,37.0
319250000,2020-01-01T21:36:15,25.7958,-80.14653,0.0,256.6,356.0,GAZELLE,IMO1008724,ZCPU4,37.0
319250000,2020-01-01T21:39:16,25.7958,-80.14651,0.0,13.6,357.0,GAZELLE,IMO1008724,ZCPU4,37.0
319250000,2020-01-01T21:42:15,25.79581,-80.14653,0.0,250.0,357.0,GAZELLE,IMO1008724,ZCPU4,37.0
319250000,2020-01-01T21:45:15,25.79579,-80.14651,0.0,93.7,357.0,GAZELLE,IMO1008724,ZCPU4,37.0
319250000,2020-01-01T21:48:14,25.7958,-80.14651,0.0,191.4,357.0,GAZELLE,IMO1008724,ZCPU4,37.0
319250000,2020-01-01T21:51:15,25.7958,-80.14651,0.0,235.7,357.0,GAZELLE,IMO1008724,ZCPU4,37.0
319250000,2020-01-01T21:54:15,25.79579,-80.14651,0.0,281.2,357.0,GAZELLE,IMO1008724,ZCPU4,37.0
319250000,2020-01-01T21:57:15,25.7958,-80.1465,0.0,247.5,358.0,GAZELLE,IMO1008724,ZCPU4,37.0
319250000,2020-01-01T22:00:15,25.7958,-80.1465,0.0,277.2,357.0,GAZELLE,IMO1008724,ZCPU4,37.0
319250000,2020-01-01T22:03:14,25.7958,-80.14649,0.0,323.8,357.0,GAZELLE,IMO1008724,ZCPU4,37.0
319250000,2020-01-01T22:06:15,25.79579,-80.1465,0.0,228.3,357.0,GAZELLE,IMO1008724,ZCPU4,37.0
319250000,2020-01-01T22:09:14,25.79581,-80.14649,0.0,20.4,357.0,GAZELLE,IMO1008724,ZCPU4,37.0
319250000,2020-01-01T22:12:15,25.79581,-80.1465,0.0,283.9,356.0,GAZELLE,IMO1008724,ZCPU4,37.0
319250000,2020-01-01T22:15:15,25.79583,-80.14649,0.0,4.2,357.0,GAZELLE,IMO1008724,ZCPU4,37.0
319250000,2020-01-01T22:18:15,25.79583,-80.14651,0.0,347.1,356.0,GAZELLE,IMO1008724,ZCPU4,37.0
319250000,2020-01-01T22:21:15,25.79582,-80.1465,0.0,195.0,357.0,GAZELLE,IMO1008724,ZCPU4,37.0
319250000,2020-01-01T22:24:15,25.79581,-80.1465,0.0,311.4,357.0,GAZELLE,IMO1008724,ZCPU4,37.0
319250000,2020-01-01T22:27:15,25.79581,-80.14652,0.0,226.2,356.0,GAZELLE,IMO1008724,ZCPU4,37.0
319250000,2020-01-01T22:30:15,25.7958,-80.1465,0.0,90.9,357.0,GAZELLE,IMO1008724,ZCPU4,37.0
319250000,2020-01-01T22:33:15,25.79581,-80.14651,0.0,345.8,356.0,GAZELLE,IMO1008724,ZCPU4,37.0
319250000,2020-01-01T22:36:15,25.7958,-80.1465,0.0,253.4,356.0,GAZELLE,IMO1008724,ZCPU4,37.0
319250000,2020-01-01T22:39:15,25.79579,-80.14651,0.0,267.8,357.0,GAZELLE,IMO1008724,ZCPU4,37.0
319250000,2020-01-01T22:42:15,25.7958,-80.1465,0.0,321.8,357.0,GAZELLE,IMO1008724,ZCPU4,37.0
319250000,2020-01-01T22:45:15,25.79579,-80.1465,0.0,117.9,356.0,GAZELLE,IMO1008724,ZCPU4,37.0
319250000,2020-01-01T22:48:15,25.79579,-80.1465,0.0,251.1,357.0,GAZELLE,IMO1008724,ZCPU4,37.0
319250000,2020-01-01T22:51:15,25.7958,-80.14651,0.0,177.2,357.0,GAZELLE,IMO1008724,ZCPU4,37.0
319250000,2020-01-01T22:54:15,25.7958,-80.1465,0.0,233.0,356.0,GAZELLE,IMO1008724,ZCPU4,37.0
319250000,2020-01-01T22:57:15,25.7958,-80.14651,0.0,213.6,356.0,GAZELLE,IMO1008724,ZCPU4,37.0
319250000,2020-01-01T23:00:15,25.7958,-80.14652,0.0,277.9,357.0,GAZELLE,IMO1008724,ZCPU4,37.0
319250000,2020-01-01T23:03:15,25.7958,-80.14651,0.0,151.1,357.0,GAZELLE,IMO1008724,ZCPU4,37.0
319250000,2020-01-01T23:06:15,25.79579,-80.14653,0.0,234.1,356.0,GAZELLE,IMO1008724,ZCPU4,37.0
319250000,2020-01-01T23:09:15,25.79578,-80.14653,0.0,202.8,356.0,GAZELLE,IMO1008724,ZCPU4,37.0
319250000,2020-01-01T23:12:15,25.7958,-80.14654,0.0,37.7,355.0,GAZELLE,IMO1008724,ZCPU4,37.0
319250000,2020-01-01T23:15:15,25.79579,-80.14652,0.0,208.1,356.0,GAZELLE,IMO1008724,ZCPU4,37.0
319250000,2020-01-01T23:18:15,25.79579,-80.14651,0.0,251.0,356.0,GAZELLE,IMO1008724,ZCPU4,37.0
319250000,2020-01-01T23:21:15,25.79579,-80.14651,0.0,240.2,356.0,GAZELLE,IMO1008724,ZCPU4,37.0
319250000,2020-01-01T23:24:15,25.79579,-80.1465,0.0,183.7,356.0,GAZELLE,IMO1008724,ZCPU4,37.0
319250000,2020-01-01T23:27:15,25.79578,-80.14651,0.0,247.7,356.0,GAZELLE,IMO1008724,ZCPU4,37.0
319250000,2020-01-01T23:30:14,25.7958,-80.1465,0.0,203.3,356.0,GAZELLE,IMO1008724,ZCPU4,37.0
319250000,2020-01-01T23:33:15,25.79578,-80.1465,0.0,130.3,356.0,GAZELLE,IMO1008724,ZCPU4,37.0
319250000,2020-01-01T23:36:15,25.79579,-80.1465,0.0,152.4,356.0,GAZELLE,IMO1008724,ZCPU4,37.0
319250000,2020-01-01T23:39:15,25.79579,-80.14651,0.0,185.0,356.0,GAZELLE,IMO1008724,ZCPU4,37.0
319250000,2020-01-01T23:42:15,25.79579,-80.1465,0.0,208.2,356.0,GAZELLE,IMO1008724,ZCPU4,37.0
319250000,2020-01-01T23:45:15,25.79579,-80.1465,0.0,239.9,356.0,GAZELLE,IMO1008724,ZCPU4,37.0
319250000,2020-01-01T23:48:15,25.79579,-80.1465,0.0,166.3,356.0,GAZELLE,IMO1008724,ZCPU4,37.0
319250000,2020-01-01T23:51:15,25.79579,-80.14651,0.0,160.7,355.0,GAZELLE,IMO1008724,ZCPU4,37.0
319250000,2020-01-01T23:54:15,25.7958,-80.14651,0.0,259.1,355.0,GAZELLE,IMO1008724,ZCPU4,37.0
319250000,2020-01-01T23:57:15,25.79579,-80.14651,0.0,256.7,355.0,GAZELLE,IMO1008724,ZCPU4,37.0
