MMSI,BaseDateTime,LAT,LON,SOG,COG,Heading,VesselName,IMO,CallSign,VesselType
367046890,2020-01-01T00:00:06,46.16772,-123.91443,0.0,304.7,511.0,PACIFIC FUTURE,IMO7948316,WDC5819,30.0
367046890,2020-01-01T00:01:17,46.16772,-123.91445,0.1,303.7,511.0,PACIFIC FUTURE,IMO7948316,WDC5819,30.0
367046890,2020-01-01T00:02:27,46.16773,-123.91445,0.0,309.4,511.0,PACIFIC FUTURE,IMO7948316,WDC5819,30.0
367046890,2020-01-01T00:03:36,46.16773,-123.91445,0.0,307.4,511.0,PACIFIC FUTURE,IMO7948316,WDC5819,30.0
367046890,2020-01-01T00:04:46,46.16772,-123.91444,0.0,307.9,511.0,PACIFIC FUTURE,IMO7948316,WDC5819,30.0
367046890,2020-01-01T00:05:47,46.16773,-123.91446,0.0,309.2,511.0,PACIFIC FUTURE,IMO7948316,WDC5819,30.0
367046890,2020-01-01T00:06:56,46.16772,-123.91445,0.1,309.2,511.0,PACIFIC FUTURE,IMO7948316,WDC5819,30.0
367046890,2020-01-01T00:08:06,46.16772,-123.91444,0.0,303.9,511.0,PACIFIC FUTURE,IMO7948316,WDC5819,30.0
367046890,2020-01-01T00:09:07,46.16772,-123.91444,0.0,304.1,511.0,PACIFIC FUTURE,IMO7948316,WDC5819,30.0
367046890,2020-01-01T00:10:37,46.16773,-123.91445,0.0,305.7,511.0,PACIFIC FUTURE,IMO7948316,WDC5819,30.0
367046890,2020-01-01T00:11:46,46.16773,-123.91444,0.0,310.6,511.0,PACIFIC FUTURE,IMO7948316,WDC5819,30.0
367046890,2020-01-01T00:12:56,46.16773,-123.91443,0.0,305.7,511.0,PACIFIC FUTURE,IMO7948316,WDC5819,30.0
367046890,2020-01-01T00:14:06,46.16775,-123.91445,0.0,306.7,511.0,PACIFIC FUTURE,IMO7948316,WDC5819,30.0
367046890,2020-01-01T00:15:07,46.16774,-123.91446,0.0,305.7,511.0,PACIFIC FUTURE,IMO7948316,WDC5819,30.0
367046890,2020-01-01T00:16:08,46.16773,-123.91446,0.0,304.8,511.0,PACIFIC FUTURE,IMO7948316,WDC5819,30.0
367046890,2020-01-01T00:17:17,46.16775,-123.91447,0.0,301.6,511.0,PACIFIC FUTURE,IMO7948316,WDC5819,30.0
367046890,2020-01-01T00:18:27,46.16775,-123.91446,0.0,308.8,511.0,PACIFIC FUTURE,IMO7948316,WDC5819,30.0
367046890,2020-01-01T00:19:37,46.16775,-123.91446,0.0,304.8,511.0,PACIFIC FUTURE,IMO7948316,WDC5819,30.0
367046890,2020-01-01T00:20:46,46.16773,-123.91443,0.0,305.8,511.0,PACIFIC FUTURE,IMO7948316,WDC5819,30.0
367046890,2020-01-01T00:22:08,46.16773,-123.91447,0.0,312.0,511.0,PACIFIC FUTURE,IMO7948316,WDC5819,30.0
367046890,2020-01-01T00:23:37,46.16778,-123.91448,0.0,312.2,511.0,PACIFIC FUTURE,IMO7948316,WDC5819,30.0
367046890,2020-01-01T00:25:18,46.16774,-123.91446,0.0,316.3,511.0,PACIFIC FUTURE,IMO7948316,WDC5819,30.0
367046890,2020-01-01T00:26:37,46.16774,-123.91444,0.0,312.9,511.0,PACIFIC FUTURE,IMO7948316,WDC5819,30.0
367046890,2020-01-01T00:29:06,46.16774,-123.91445,0.0,309.4,511.0,PACIFIC FUTURE,IMO7948316,WDC5819,30.0
367046890,2020-01-01T00:30:17,46.16774,-123.91446,0.0,294.3,511.0,PACIFIC FUTURE,IMO7948316,WDC5819,30.0
367046890,2020-01-01T00:32:06,46.16769,-123.91442,0.0,287.9,511.0,PACIFIC FUTURE,IMO7948316,WDC5819,30.0
367046890,2020-01-01T00:33:27,46.16767,-123.9144,0.0,285.3,511.0,PACIFIC FUTURE,IMO7948316,WDC5819,30.0
367046890,2020-01-01T00:35:07,46.16772,-123.91441,0.0,283.6,511.0,PACIFIC FUTURE,IMO7948316,WDC5819,30.0
367046890,2020-01-01T00:37:07,46.1677,-123.91444,0.0,277.3,511.0,PACIFIC FUTURE,IMO7948316,WDC5819,30.0
367046890,2020-01-01T00:39:26,46.1677,-123.91445,0.0,301.6,511.0,PACIFIC FUTURE,IMO7948316,WDC5819,30.0
367046890,2020-01-01T00:41:36,46.16768,-123.91444,0.0,297.6,511.0,PACIFIC FUTURE,IMO7948316,WDC5819,30.0
367046890,2020-01-01T00:43:36,46.16773,-123.91446,0.0,289.0,511.0,PACIFIC FUTURE,IMO7948316,WDC5819,30.0
367046890,2020-01-01T00:44:47,46.16771,-123.91441,0.0,284.3,511.0,PACIFIC FUTURE,IMO7948316,WDC5819,30.0
367046890,2020-01-01T00:48:07,46.16771,-123.91444,0.0,276.9,511.0,PACIFIC FUTURE,IMO7948316,WDC5819,30.0
367046890,2020-01-01T00:49:47,46.1677,-123.91442,0.0,290.1,511.0,PACIFIC FUTURE,IMO7948316,WDC5819,30.0
367046890,2020-01-01T00:50:48,46.16773,-123.91444,0.0,287.1,511.0,PACIFIC FUTURE,IMO7948316,WDC5819,30.0
367046890,2020-01-01T00:52:08,46.16772,-123.91444,0.0,283.9,511.0,PACIFIC FUTURE,IMO7948316,WDC5819,30.0
367046890,2020-01-01T00:53:27,46.16774,-123.91447,0.0,286.9,511.0,PACIFIC FUTURE,IMO7948316,WDC5819,30.0
367046890,2020-01-01T00:54:48,46.16774,-123.91446,0.1,276.6,511.0,PACIFIC FUTURE,IMO7948316,WDC5819,30.0
367046890,2020-01-01T00:56:07,46.16773,-123.91444,0.0,279.6,511.0,PACIFIC FUTURE,IMO7948316,WDC5819,30.0
367046890,2020-01-01T00:57:08,46.16774,-123.91445,0.0,281.0,511.0,PACIFIC FUTURE,IMO7948316,WDC5819,30.0
367046890,2020-01-01T00:58:17,46.16776,-123.91446,0.0,254.9,511.0,PACIFIC FUTURE,IMO7948316,WDC5819,30.0
367046890,2020-01-01T00:59:26,46.16776,-123.91447,0.0,227.8,511.0,PACIFIC FUTURE,IMO7948316,WDC5819,30.0
367046890,2020-01-01T01:00:06,46.16775,-123.91444,0.0,224.8,511.0,PACIFIC FUTURE,IMO7948316,WDC5819,30.0
367046890,2020-01-01T01:01:07,46.16775,-123.91446,0.0,227.9,511.0,PACIFIC FUTURE,IMO7948316,WDC5819,30.0
367046890,2020-01-01T01:02:17,46.16775,-123.91445,0.0,232.2,511.0,PACIFIC FUTURE,IMO7948316,WDC5819,30.0
367046890,2020-01-01T01:03:18,46.16775,-123.91446,0.0,234.8,511.0,PACIFIC FUTURE,IMO7948316,WDC5819,30.0
367046890,2020-01-01T01:04:37,46.16774,-123.91445,0.0,239.5,511.0,PACIFIC FUTURE,IMO7948316,WDC5819,30.0
367046890,2020-01-01T01:05:46,46.16774,-123.91447,0.0,246.0,511.0,PACIFIC FUTURE,IMO7948316,WDC5819,30.0
367046890,2020-01-01T01:06:47,46.16774,-123.91446,0.1,252.6,511.0,PACIFIC FUTURE,IMO7948316,WDC5819,30.0
367046890,2020-01-01T01:08:07,46.16774,-123.91446,0.0,246.3,511.0,PACIFIC FUTURE,IMO7948316,WDC5819,30.0
367046890,2020-01-01T01:09:17,46.16773,-123.91445,0.0,252.2,511.0,PACIFIC FUTURE,IMO7948316,WDC5819,30.0
367046890,2020-01-01T01:10:37,46.16772,-123.91446,0.0,259.3,511.0,PACIFIC FUTURE,IMO7948316,WDC5819,30.0
367046890,2020-01-01T01:12:17,46.16772,-123.91443,0.0,258.8,511.0,PACIFIC FUTURE,IMO7948316,WDC5819,30.0
367046890,2020-01-01T01:13:26,46.16774,-123.91444,0.0,262.9,511.0,PACIFIC FUTURE,IMO7948316,WDC5819,30.0
367046890,2020-01-01T01:15:07,46.16774,-123.91445,0.0,268.8,511.0,PACIFIC FUTURE,IMO7948316,WDC5819,30.0
367046890,2020-01-01T01:16:17,46.16773,-123.91444,0.0,285.2,511.0,PACIFIC FUTURE,IMO7948316,WDC5819,30.0
367046890,2020-01-01T01:17:18,46.16772,-123.91445,0.0,293.8,511.0,PACIFIC FUTURE,IMO7948316,WDC5819,30.0
367046890,2020-01-01T01:18:36,46.16773,-123.91446,0.0,305.6,511.0,PACIFIC FUTURE,IMO7948316,WDC5819,30.0
367046890,2020-01-01T01:19:37,46.16773,-123.91444,0.0,315.4,511.0,PACIFIC FUTURE,IMO7948316,WDC5819,30.0
367046890,2020-01-01T01:21:17,46.16772,-123.91444,0.0,315.8,511.0,PACIFIC FUTURE,IMO7948316,WDC5819,30.0
367046890,2020-01-01T01:22:18,46.16771,-123.91442,0.0,310.8,511.0,PACIFIC FUTURE,IMO7948316,WDC5819,30.0
367046890,2020-01-01T01:24:07,46.16771,-123.91442,0.0,310.5,511.0,PACIFIC FUTURE,IMO7948316,WDC5819,30.0
367046890,2020-01-01T01:26:18,46.16774,-123.91443,0.0,301.4,511.0,PACIFIC FUTURE,IMO7948316,WDC5819,30.0
367046890,2020-01-01T01:27:46,46.16768,-123.91449,0.0,294.5,511.0,PACIFIC FUTURE,IMO7948316,WDC5819,30.0
367046890,2020-01-01T01:28:47,46.16772,-123.91444,0.0,304.7,511.0,PACIFIC FUTURE,IMO7948316,WDC5819,30.0
367046890,2020-01-01T01:30:36,46.16771,-123.91446,0.0,293.5,511.0,PACIFIC FUTURE,IMO7948316,WDC5819,30.0
367046890,2020-01-01T01:32:16,46.16774,-123.91445,0.0,290.0,511.0,PACIFIC FUTURE,IMO7948316,WDC5819,30.0
367046890,2020-01-01T01:33:36,46.16773,-123.91445,0.0,282.2,511.0,PACIFIC FUTURE,IMO7948316,WDC5819,30.0
367046890,2020-01-01T01:35:16,46.16773,-123.91448,0.0,264.9,511.0,PACIFIC FUTURE,IMO7948316,WDC5819,30.0
367046890,2020-01-01T01:37:16,46.16773,-123.91445,0.0,256.4,511.0,PACIFIC FUTURE,IMO7948316,WDC5819,30.0
367046890,2020-01-01T01:38:17,46.16776,-123.91447,0.0,252.0,511.0,PACIFIC FUTURE,IMO7948316,WDC5819,30.0
367046890,2020-01-01T01:39:37,46.16777,-123.91446,0.0,246.3,511.0,PACIFIC FUTURE,IMO7948316,WDC5819,30.0
367046890,2020-01-01T01:41:26,46.16772,-123.91445,0.0,224.4,511.0,PACIFIC FUTURE,IMO7948316,WDC5819,30.0
367046890,2020-01-01T01:43:17,46.16775,-123.91446,0.0,198.6,511.0,PACIFIC FUTURE,IMO7948316,WDC5819,30.0
367046890,2020-01-01T01:44:18,46.16775,-123.91447,0.0,191.6,511.0,PACIFIC FUTURE,IMO7948316,WDC5819,30.0
367046890,2020-01-01T01:46:36,46.16773,-123.91444,0.0,176.7,511.0,PACIFIC FUTURE,IMO7948316,WDC5819,30.0
367046890,2020-01-01T01:48:36,46.16775,-123.91447,0.0,164.3,511.0,PACIFIC FUTURE,IMO7948316,WDC5819,30.0
367046890,2020-01-01T01:52:06,46.16772,-123.91451,0.0,189.3,511.0,PACIFIC FUTURE,IMO7948316,WDC5819,30.0
367046890,2020-01-01T01:53:48,46.16775,-123.91455,0.0,196.6,511.0,PACIFIC FUTURE,IMO7948316,WDC5819,30.0
367046890,2020-01-01T01:55:06,46.16772,-123.9145,0.0,200.2,511.0,PACIFIC FUTURE,IMO7948316,WDC5819,30.0
367046890,2020-01-01T01:56:56,46.16772,-123.91445,0.0,197.5,511.0,PACIFIC FUTURE,IMO7948316,WDC5819,30.0
367046890,2020-01-01T01:58:18,46.16768,-123.91445,0.0,202.3,511.0,PACIFIC FUTURE,IMO7948316,WDC5819,30.0
367046890,2020-01-01T01:59:36,46.16767,-123.91439,0.0,203.6,511.0,PACIFIC FUTURE,IMO7948316,WDC5819,30.0
367046890,2020-01-01T02:00:07,46.16768,-123.91441,0.0,204.2,511.0,PACIFIC FUTURE,IMO7948316,WDC5819,30.0
367046890,2020-01-01T02:01:17,46.16771,-123.91443,0.0,207.6,511.0,PACIFIC FUTURE,IMO7948316,WDC5819,30.0
367046890,2020-01-01T02:02:27,46.1677,-123.9144,0.0,205.7,511.0,PACIFIC FUTURE,IMO7948316,WDC5819,30.0
367046890,2020-01-01T02:03:36,46.16771,-123.91443,0.0,203.4,511.0,PACIFIC FUTURE,IMO7948316,WDC5819,30.0
367046890,2020-01-01T02:04:46,46.16773,-123.91441,0.0,208.1,511.0,PACIFIC FUTURE,IMO7948316,WDC5819,30.0
367046890,2020-01-01T02:05:47,46.16772,-123.9144,0.0,208.6,511.0,PACIFIC FUTURE,IMO7948316,WDC5819,30.0
367046890,2020-01-01T02:07:07,46.16772,-123.91444,0.0,212.8,511.0,PACIFIC FUTURE,IMO7948316,WDC5819,30.0
367046890,2020-01-01T02:08:16,46.16774,-123.91442,0.0,210.9,511.0,PACIFIC FUTURE,IMO7948316,WDC5819,30.0
367046890,2020-01-01T02:09:36,46.16774,-123.91442,0.0,212.0,511.0,PACIFIC FUTURE,IMO7948316,WDC5819,30.0
367046890,2020-01-01T02:10:47,46.16774,-123.91444,0.0,216.7,511.0,PACIFIC FUTURE,IMO7948316,WDC5819,30.0
367046890,2020-01-01T02:11:57,46.16773,-123.91445,0.0,219.0,511.0,PACIFIC FUTURE,IMO7948316,WDC5819,30.0
367046890,2020-01-01T02:13:36,46.16774,-123.91443,0.0,221.1,511.0,PACIFIC FUTURE,IMO7948316,WDC5819,30.0
367046890,2020-01-01T02:14:47,46.16774,-123.91445,0.0,221.6,511.0,PACIFIC FUTURE,IMO7948316,WDC5819,30.0
367046890,2020-01-01T02:15:48,46.16774,-123.91447,0.0,220.4,511.0,PACIFIC FUTURE,IMO7948316,WDC5819,30.0
367046890,2020-01-01T02:17:06,46.16774,-123.91451,0.0,223.1,511.0,PACIFIC FUTURE,IMO7948316,WDC5819,30.0
367046890,2020-01-01T02:18:17,46.16776,-123.91443,0.0,219.0,511.0,PACIFIC FUTURE,IMO7948316,WDC5819,30.0
367046890,2020-01-01T02:19:47,46.16774,-123.91447,0.0,220.5,511.0,PACIFIC FUTURE,IMO7948316,WDC5819,30.0
367046890,2020-01-01T02:20:56,46.16777,-123.91445,0.0,222.5,511.0,PACIFIC FUTURE,IMO7948316,WDC5819,30.0
367046890,2020-01-01T02:22:56,46.16776,-123.91444,0.0,216.7,511.0,PACIFIC FUTURE,IMO7948316,WDC5819,30.0
367046890,2020-01-01T02:24:56,46.16774,-123.91442,0.0,216.9,511.0,PACIFIC FUTURE,IMO7948316,WDC5819,30.0
367046890,2020-01-01T02:26:06,46.16774,-123.91441,0.1,214.4,511.0,PACIFIC FUTURE,IMO7948316,WDC5819,30.0
367046890,2020-01-01T02:28:18,46.16771,-123.91444,0.0,224.4,511.0,PACIFIC FUTURE,IMO7948316,WDC5819,30.0
367046890,2020-01-01T02:29:57,46.16774,-123.91444,0.0,230.5,511.0,PACIFIC FUTURE,IMO7948316,WDC5819,30.0
367046890,2020-01-01T02:32:07,46.16777,-123.91445,0.0,245.8,511.0,PACIFIC FUTURE,IMO7948316,WDC5819,30.0
367046890,2020-01-01T02:34:07,46.16776,-123.91444,0.0,251.0,511.0,PACIFIC FUTURE,IMO7948316,WDC5819,30.0
367046890,2020-01-01T02:35:26,46.16773,-123.91443,0.0,250.2,511.0,PACIFIC FUTURE,IMO7948316,WDC5819,30.0
367046890,2020-01-01T02:36:36,46.16774,-123.91445,0.0,257.4,511.0,PACIFIC FUTURE,IMO7948316,WDC5819,30.0
367046890,2020-01-01T02:39:07,46.16774,-123.91445,0.0,256.8,511.0,PACIFIC FUTURE,IMO7948316,WDC5819,30.0
367046890,2020-01-01T02:41:07,46.16771,-123.91441,0.0,256.6,511.0,PACIFIC FUTURE,IMO7948316,WDC5819,30.0
367046890,2020-01-01T02:43:26,46.16772,-123.91446,0.0,255.7,511.0,PACIFIC FUTURE,IMO7948316,WDC5819,30.0
367046890,2020-01-01T02:46:07,46.16775,-123.91444,0.0,250.5,511.0,PACIFIC FUTURE,IMO7948316,WDC5819,30.0
367046890,2020-01-01T02:47:08,46.16774,-123.91447,0.0,249.2,511.0,PACIFIC FUTURE,IMO7948316,WDC5819,30.0
367046890,2020-01-01T02:50:07,46.16772,-123.91448,0.0,247.4,511.0,PACIFIC FUTURE,IMO7948316,WDC5819,30.0
367046890,2020-01-01T02:52:16,46.16772,-123.91444,0.0,271.2,511.0,PACIFIC FUTURE,IMO7948316,WDC5819,30.0
367046890,2020-01-01T02:54:07,46.16774,-123.91442,0.0,279.9,511.0,PACIFIC FUTURE,IMO7948316,WDC5819,30.0
367046890,2020-01-01T02:55:16,46.16774,-123.91443,0.0,285.0,511.0,PACIFIC FUTURE,IMO7948316,WDC5819,30.0
367046890,2020-01-01T02:57:07,46.16772,-123.91442,0.0,286.5,511.0,PACIFIC FUTURE,IMO7948316,WDC5819,30.0
367046890,2020-01-01T02:58:18,46.16774,-123.91444,0.0,286.9,511.0,PACIFIC FUTURE,IMO7948316,WDC5819,30.0
367046890,2020-01-01T02:59:26,46.16772,-123.91441,0.0,287.4,511.0,PACIFIC FUTURE,IMO7948316,WDC5819,30.0
367046890,2020-01-01T03:00:07,46.16774,-123.91445,0.0,287.1,511.0,PACIFIC FUTURE,IMO7948316,WDC5819,30.0
367046890,2020-01-01T03:01:17,46.16774,-123.91446,0.0,288.1,511.0,PACIFIC FUTURE,IMO7948316,WDC5819,30.0
367046890,2020-01-01T03:02:18,46.16774,-123.91447,0.0,286.0,511.0,PACIFIC FUTURE,IMO7948316,WDC5819,30.0
367046890,2020-01-01T03:03:26,46.16775,-123.91446,0.0,289.2,511.0,PACIFIC FUTURE,IMO7948316,WDC5819,30.0
367046890,2020-01-01T03:04:27,46.16775,-123.91447,0.0,290.9,511.0,PACIFIC FUTURE,IMO7948316,WDC5819,30.0
367046890,2020-01-01T03:05:37,46.16772,-123.91441,0.0,291.7,511.0,PACIFIC FUTURE,IMO7948316,WDC5819,30.0
367046890,2020-01-01T03:06:38,46.16774,-123.91442,0.0,293.2,511.0,PACIFIC FUTURE,IMO7948316,WDC5819,30.0
367046890,2020-01-01T03:07:46,46.16776,-123.91445,0.0,294.5,511.0,PACIFIC FUTURE,IMO7948316,WDC5819,30.0
367046890,2020-01-01T03:08:47,46.16776,-123.91445,0.0,294.7,511.0,PACIFIC FUTURE,IMO7948316,WDC5819,30.0
367046890,2020-01-01T03:09:56,46.16776,-123.91443,0.0,294.8,511.0,PACIFIC FUTURE,IMO7948316,WDC5819,30.0
367046890,2020-01-01T03:11:07,46.16776,-123.91444,0.0,299.9,511.0,PACIFIC FUTURE,IMO7948316,WDC5819,30.0
367046890,2020-01-01T03:12:46,46.16778,-123.91448,0.0,298.9,511.0,PACIFIC FUTURE,IMO7948316,WDC5819,30.0
367046890,2020-01-01T03:13:47,46.16779,-123.91448,0.0,302.3,511.0,PACIFIC FUTURE,IMO7948316,WDC5819,30.0
367046890,2020-01-01T03:15:06,46.16777,-123.91447,0.0,304.5,511.0,PACIFIC FUTURE,IMO7948316,WDC5819,30.0
367046890,2020-01-01T03:16:36,46.16778,-123.91446,0.0,304.4,511.0,PACIFIC FUTURE,IMO7948316,WDC5819,30.0
367046890,2020-01-01T03:17:37,46.16779,-123.91448,0.0,300.3,511.0,PACIFIC FUTURE,IMO7948316,WDC5819,30.0
367046890,2020-01-01T03:18:56,46.16774,-123.91443,0.0,293.7,511.0,PACIFIC FUTURE,IMO7948316,WDC5819,30.0
367046890,2020-01-01T03:19:57,46.16777,-123.91445,0.0,287.8,511.0,PACIFIC FUTURE,IMO7948316,WDC5819,30.0
367046890,2020-01-01T03:21:26,46.16776,-123.91442,0.0,315.0,511.0,PACIFIC FUTURE,IMO7948316,WDC5819,30.0
367046890,2020-01-01T03:22:36,46.16777,-123.91446,0.0,279.5,511.0,PACIFIC FUTURE,IMO7948316,WDC5819,30.0
367046890,2020-01-01T03:23:37,46.16777,-123.91446,0.0,281.5,511.0,PACIFIC FUTURE,IMO7948316,WDC5819,30.0
367046890,2020-01-01T03:24:56,46.16775,-123.91446,0.0,288.4,511.0,PACIFIC FUTURE,IMO7948316,WDC5819,30.0
367046890,2020-01-01T03:26:18,46.16773,-123.91445,0.0,284.5,511.0,PACIFIC FUTURE,IMO7948316,WDC5819,30.0
367046890,2020-01-01T03:27:26,46.16769,-123.91443,0.0,286.2,511.0,PACIFIC FUTURE,IMO7948316,WDC5819,30.0
367046890,2020-01-01T03:28:27,46.16772,-123.91444,0.0,290.6,511.0,PACIFIC FUTURE,IMO7948316,WDC5819,30.0
367046890,2020-01-01T03:30:18,46.16771,-123.91445,0.0,297.0,511.0,PACIFIC FUTURE,IMO7948316,WDC5819,30.0
367046890,2020-01-01T03:31:36,46.16772,-123.91442,0.0,293.6,511.0,PACIFIC FUTURE,IMO7948316,WDC5819,30.0
367046890,2020-01-01T03:33:37,46.16772,-123.91443,0.0,296.6,511.0,PACIFIC FUTURE,IMO7948316,WDC5819,30.0
367046890,2020-01-01T03:35:37,46.16772,-123.91444,0.0,299.7,511.0,PACIFIC FUTURE,IMO7948316,WDC5819,30.0
367046890,2020-01-01T03:37:37,46.16773,-123.91446,0.0,315.0,511.0,PACIFIC FUTURE,IMO7948316,WDC5819,30.0
367046890,2020-01-01T03:38:56,46.1677,-123.91443,0.0,299.1,511.0,PACIFIC FUTURE,IMO7948316,WDC5819,30.0
367046890,2020-01-01T03:41:08,46.16776,-123.91442,0.0,288.7,511.0,PACIFIC FUTURE,IMO7948316,WDC5819,30.0
367046890,2020-01-01T03:42:27,46.16777,-123.91445,0.0,276.6,511.0,PACIFIC FUTURE,IMO7948316,WDC5819,30.0
367046890,2020-01-01T03:44:08,46.16773,-123.91443,0.0,254.9,511.0,PACIFIC FUTURE,IMO7948316,WDC5819,30.0
367046890,2020-01-01T03:45:18,46.16772,-123.91444,0.0,245.3,511.0,PACIFIC FUTURE,IMO7948316,WDC5819,30.0
367046890,2020-01-01T03:46:37,46.16774,-123.91446,0.0,225.0,511.0,PACIFIC FUTURE,IMO7948316,WDC5819,30.0
367046890,2020-01-01T03:48:27,46.16772,-123.91444,0.0,225.0,511.0,PACIFIC FUTURE,IMO7948316,WDC5819,30.0
367046890,2020-01-01T03:49:36,46.16773,-123.91444,0.0,247.2,511.0,PACIFIC FUTURE,IMO7948316,WDC5819,30.0
367046890,2020-01-01T03:51:36,46.16774,-123.91447,0.0,247.6,511.0,PACIFIC FUTURE,IMO7948316,WDC5819,30.0
367046890,2020-01-01T03:53:36,46.16777,-123.91441,0.0,257.7,511.0,PACIFIC FUTURE,IMO7948316,WDC5819,30.0
367046890,2020-01-01T03:55:07,46.16774,-123.91444,0.0,255.4,511.0,PACIFIC FUTURE,IMO7948316,WDC5819,30.0
367046890,2020-01-01T03:56:16,46.16774,-123.91442,0.0,225.0,511.0,PACIFIC FUTURE,IMO7948316,WDC5819,30.0
367046890,2020-01-01T03:57:37,46.16771,-123.91438,0.0,225.0,511.0,PACIFIC FUTURE,IMO7948316,WDC5819,30.0
367046890,2020-01-01T03:59:07,46.16772,-123.91439,0.0,256.6,511.0,PACIFIC FUTURE,IMO7948316,WDC5819,30.0
367046890,2020-01-01T04:00:06,46.16772,-123.91439,0.0,258.4,511.0,PACIFIC FUTURE,IMO7948316,WDC5819,30.0
367046890,2020-01-01T04:01:07,46.16773,-123.91437,0.0,262.9,511.0,PACIFIC FUTURE,IMO7948316,WDC5819,30.0
367046890,2020-01-01T04:02:17,46.16771,-123.91443,0.0,259.1,511.0,PACIFIC FUTURE,IMO7948316,WDC5819,30.0
367046890,2020-01-01T04:03:26,46.1677,-123.91438,0.0,257.5,511.0,PACIFIC FUTURE,IMO7948316,WDC5819,30.0
367046890,2020-01-01T04:04:36,46.16774,-123.91444,0.0,262.2,511.0,PACIFIC FUTURE,IMO7948316,WDC5819,30.0
367046890,2020-01-01T04:05:45,46.16772,-123.91442,0.0,263.3,511.0,PACIFIC FUTURE,IMO7948316,WDC5819,30.0
367046890,2020-01-01T04:06:46,46.16772,-123.91443,0.0,254.7,511.0,PACIFIC FUTURE,IMO7948316,WDC5819,30.0
367046890,2020-01-01T04:07:47,46.16772,-123.91442,0.0,259.0,511.0,PACIFIC FUTURE,IMO7948316,WDC5819,30.0
367046890,2020-01-01T04:09:06,46.16777,-123.91445,0.0,225.0,511.0,PACIFIC FUTURE,IMO7948316,WDC5819,30.0
367046890,2020-01-01T04:10:17,46.16766,-123.91448,0.0,225.0,511.0,PACIFIC FUTURE,IMO7948316,WDC5819,30.0
367046890,2020-01-01T04:11:18,46.16772,-123.91444,0.0,285.3,511.0,PACIFIC FUTURE,IMO7948316,WDC5819,30.0
367046890,2020-01-01T04:12:26,46.16773,-123.91445,0.0,284.5,511.0,PACIFIC FUTURE,IMO7948316,WDC5819,30.0
367046890,2020-01-01T04:13:37,46.16774,-123.91444,0.0,287.6,511.0,PACIFIC FUTURE,IMO7948316,WDC5819,30.0
367046890,2020-01-01T04:14:46,46.16775,-123.91444,0.0,288.4,511.0,PACIFIC FUTURE,IMO7948316,WDC5819,30.0
367046890,2020-01-01T04:16:37,46.16772,-123.91448,0.0,315.0,511.0,PACIFIC FUTURE,IMO7948316,WDC5819,30.0
367046890,2020-01-01T04:17:46,46.1677,-123.91444,0.0,315.0,511.0,PACIFIC FUTURE,IMO7948316,WDC5819,30.0
367046890,2020-01-01T04:18:47,46.16772,-123.91447,0.0,290.7,511.0,PACIFIC FUTURE,IMO7948316,WDC5819,30.0
367046890,2020-01-01T04:20:18,46.16772,-123.91449,0.0,296.6,511.0,PACIFIC FUTURE,IMO7948316,WDC5819,30.0
367046890,2020-01-01T04:21:37,46.16772,-123.91447,0.0,285.8,511.0,PACIFIC FUTURE,IMO7948316,WDC5819,30.0
367046890,2020-01-01T04:23:17,46.16774,-123.91448,0.0,301.0,511.0,PACIFIC FUTURE,IMO7948316,WDC5819,30.0
367046890,2020-01-01T04:24:46,46.16774,-123.91446,0.0,279.0,511.0,PACIFIC FUTURE,IMO7948316,WDC5819,30.0
367046890,2020-01-01T04:25:47,46.16775,-123.91447,0.0,271.9,511.0,PACIFIC FUTURE,IMO7948316,WDC5819,30.0
367046890,2020-01-01T04:27:46,46.16775,-123.91445,0.0,225.0,511.0,PACIFIC FUTURE,IMO7948316,WDC5819,30.0
367046890,2020-01-01T04:29:46,46.16775,-123.91447,0.0,225.0,511.0,PACIFIC FUTURE,IMO7948316,WDC5819,30.0
367046890,2020-01-01T04:30:47,46.16775,-123.91447,0.0,256.6,511.0,PACIFIC FUTURE,IMO7948316,WDC5819,30.0
367046890,2020-01-01T04:32:56,46.16773,-123.91448,0.0,225.0,511.0,PACIFIC FUTURE,IMO7948316,WDC5819,30.0
367046890,2020-01-01T04:34:36,46.16776,-123.91446,0.0,234.6,511.0,PACIFIC FUTURE,IMO7948316,WDC5819,30.0
367046890,2020-01-01T04:36:36,46.16777,-123.91445,0.0,224.0,511.0,PACIFIC FUTURE,IMO7948316,WDC5819,30.0
367046890,2020-01-01T04:37:46,46.16776,-123.91443,0.0,225.0,511.0,PACIFIC FUTURE,IMO7948316,WDC5819,30.0
367046890,2020-01-01T04:39:46,46.16773,-123.91442,0.0,225.0,511.0,PACIFIC FUTURE,IMO7948316,WDC5819,30.0
367046890,2020-01-01T04:41:07,46.16774,-123.91443,0.0,211.0,511.0,PACIFIC FUTURE,IMO7948316,WDC5819,30.0
367046890,2020-01-01T04:42:37,46.16775,-123.91441,0.0,211.0,511.0,PACIFIC FUTURE,IMO7948316,WDC5819,30.0
367046890,2020-01-01T04:44:16,46.16775,-123.91443,0.0,225.0,511.0,PACIFIC FUTURE,IMO7948316,WDC5819,30.0
367046890,2020-01-01T04:45:37,46.16772,-123.91446,0.0,225.0,511.0,PACIFIC FUTURE,IMO7948316,WDC5819,30.0
367046890,2020-01-01T04:46:57,46.16776,-123.9145,0.0,225.0,511.0,PACIFIC FUTURE,IMO7948316,WDC5819,30.0
367046890,2020-01-01T04:48:07,46.16773,-123.9145,0.0,225.9,511.0,PACIFIC FUTURE,IMO7948316,WDC5819,30.0
367046890,2020-01-01T04:49:37,46.16776,-123.91445,0.0,225.0,511.0,PACIFIC FUTURE,IMO7948316,WDC5819,30.0
367046890,2020-01-01T04:50:57,46.16767,-123.91451,0.0,254.6,511.0,PACIFIC FUTURE,IMO7948316,WDC5819,30.0
367046890,2020-01-01T04:52:07,46.16769,-123.9145,0.0,278.3,511.0,PACIFIC FUTURE,IMO7948316,WDC5819,30.0
367046890,2020-01-01T04:53:37,46.16768,-123.9145,0.1,319.9,511.0,PACIFIC FUTURE,IMO7948316,WDC5819,30.0
367046890,2020-01-01T04:55:07,46.16777,-123.91441,0.0,355.1,511.0,PACIFIC FUTURE,IMO7948316,WDC5819,30.0
367046890,2020-01-01T04:56:08,46.16778,-123.91445,0.0,3.6,511.0,PACIFIC FUTURE,IMO7948316,WDC5819,30.0
367046890,2020-01-01T04:57:36,46.16777,-123.91445,0.0,45.0,511.0,PACIFIC FUTURE,IMO7948316,WDC5819,30.0
367046890,2020-01-01T04:58:47,46.16775,-123.91448,0.0,45.0,511.0,PACIFIC FUTURE,IMO7948316,WDC5819,30.0
367046890,2020-01-01T04:59:48,46.16781,-123.91439,0.0,45.0,511.0,PACIFIC FUTURE,IMO7948316,WDC5819,30.0
367046890,2020-01-01T05:00:07,46.16779,-123.91442,0.0,17.5,511.0,PACIFIC FUTURE,IMO7948316,WDC5819,30.0
367046890,2020-01-01T05:01:17,46.16774,-123.91445,0.0,10.3,511.0,PACIFIC FUTURE,IMO7948316,WDC5819,30.0
367046890,2020-01-01T05:02:18,46.16776,-123.91444,0.0,13.0,511.0,PACIFIC FUTURE,IMO7948316,WDC5819,30.0
367046890,2020-01-01T05:03:37,46.16774,-123.91445,0.0,45.0,511.0,PACIFIC FUTURE,IMO7948316,WDC5819,30.0
367046890,2020-01-01T05:04:48,46.16775,-123.91447,0.0,24.0,511.0,PACIFIC FUTURE,IMO7948316,WDC5819,30.0
367046890,2020-01-01T05:05:57,46.16776,-123.91446,0.0,45.0,511.0,PACIFIC FUTURE,IMO7948316,WDC5819,30.0
367046890,2020-01-01T05:06:58,46.16775,-123.91445,0.0,45.0,511.0,PACIFIC FUTURE,IMO7948316,WDC5819,30.0
367046890,2020-01-01T05:08:06,46.16775,-123.91442,0.0,43.4,511.0,PACIFIC FUTURE,IMO7948316,WDC5819,30.0
367046890,2020-01-01T05:09:18,46.16776,-123.91443,0.0,54.6,511.0,PACIFIC FUTURE,IMO7948316,WDC5819,30.0
367046890,2020-01-01T05:10:37,46.16775,-123.91444,0.0,60.9,511.0,PACIFIC FUTURE,IMO7948316,WDC5819,30.0
367046890,2020-01-01T05:12:06,46.16777,-123.91442,0.0,52.1,511.0,PACIFIC FUTURE,IMO7948316,WDC5819,30.0
367046890,2020-01-01T05:13:07,46.16776,-123.91441,0.0,58.0,511.0,PACIFIC FUTURE,IMO7948316,WDC5819,30.0
367046890,2020-01-01T05:14:37,46.16773,-123.91442,0.0,54.2,511.0,PACIFIC FUTURE,IMO7948316,WDC5819,30.0
367046890,2020-01-01T05:16:17,46.16776,-123.91446,0.0,76.8,511.0,PACIFIC FUTURE,IMO7948316,WDC5819,30.0
367046890,2020-01-01T05:17:18,46.16775,-123.91444,0.0,82.4,511.0,PACIFIC FUTURE,IMO7948316,WDC5819,30.0
367046890,2020-01-01T05:18:26,46.16774,-123.91444,0.0,135.0,511.0,PACIFIC FUTURE,IMO7948316,WDC5819,30.0
367046890,2020-01-01T05:20:17,46.16776,-123.91445,0.0,126.2,511.0,PACIFIC FUTURE,IMO7948316,WDC5819,30.0
367046890,2020-01-01T05:21:18,46.16776,-123.91443,0.0,133.4,511.0,PACIFIC FUTURE,IMO7948316,WDC5819,30.0
367046890,2020-01-01T05:22:26,46.16776,-123.91442,0.0,147.4,511.0,PACIFIC FUTURE,IMO7948316,WDC5819,30.0
367046890,2020-01-01T05:24:36,46.16774,-123.91444,0.0,185.3,511.0,PACIFIC FUTURE,IMO7948316,WDC5819,30.0
367046890,2020-01-01T05:25:47,46.16776,-123.91442,0.0,208.6,511.0,PACIFIC FUTURE,IMO7948316,WDC5819,30.0
367046890,2020-01-01T05:27:06,46.16773,-123.91445,0.0,221.3,511.0,PACIFIC FUTURE,IMO7948316,WDC5819,30.0
367046890,2020-01-01T05:28:07,46.16773,-123.91444,0.0,228.5,511.0,PACIFIC FUTURE,IMO7948316,WDC5819,30.0
367046890,2020-01-01T05:29:26,46.16774,-123.91441,0.0,238.3,511.0,PACIFIC FUTURE,IMO7948316,WDC5819,30.0
367046890,2020-01-01T05:31:17,46.16774,-123.91444,0.0,255.4,511.0,PACIFIC FUTURE,IMO7948316,WDC5819,30.0
367046890,2020-01-01T05:32:46,46.16774,-123.91437,0.0,225.0,511.0,PACIFIC FUTURE,IMO7948316,WDC5819,30.0
367046890,2020-01-01T05:34:07,46.16774,-123.91439,0.0,253.2,511.0,PACIFIC FUTURE,IMO7948316,WDC5819,30.0
367046890,2020-01-01T05:36:07,46.16776,-123.91442,0.0,253.7,511.0,PACIFIC FUTURE,IMO7948316,WDC5819,30.0
367046890,2020-01-01T05:37:27,46.16775,-123.91442,0.0,239.0,511.0,PACIFIC FUTURE,IMO7948316,WDC5819,30.0
367046890,2020-01-01T05:38:37,46.16773,-123.91445,0.0,258.0,511.0,PACIFIC FUTURE,IMO7948316,WDC5819,30.0
367046890,2020-01-01T05:39:46,46.16772,-123.91444,0.0,225.0,511.0,PACIFIC FUTURE,IMO7948316,WDC5819,30.0
367046890,2020-01-01T05:41:57,46.16772,-123.91448,0.0,260.1,511.0,PACIFIC FUTURE,IMO7948316,WDC5819,30.0
367046890,2020-01-01T05:43:07,46.16772,-123.91447,0.0,261.7,511.0,PACIFIC FUTURE,IMO7948316,WDC5819,30.0
367046890,2020-01-01T05:45:06,46.16774,-123.91444,0.0,264.3,511.0,PACIFIC FUTURE,IMO7948316,WDC5819,30.0
367046890,2020-01-01T05:46:18,46.16775,-123.91443,0.0,269.3,511.0,PACIFIC FUTURE,IMO7948316,WDC5819,30.0
367046890,2020-01-01T05:47:36,46.16774,-123.91442,0.0,262.4,511.0,PACIFIC FUTURE,IMO7948316,WDC5819,30.0
367046890,2020-01-01T05:48:57,46.16773,-123.91445,0.0,271.3,511.0,PACIFIC FUTURE,IMO7948316,WDC5819,30.0
367046890,2020-01-01T05:51:07,46.16773,-123.91442,0.0,290.6,511.0,PACIFIC FUTURE,IMO7948316,WDC5819,30.0
367046890,2020-01-01T05:52:26,46.16773,-123.91444,0.0,280.0,511.0,PACIFIC FUTURE,IMO7948316,WDC5819,30.0
367046890,2020-01-01T05:53:37,46.16774,-123.91441,0.0,276.7,511.0,PACIFIC FUTURE,IMO7948316,WDC5819,30.0
367046890,2020-01-01T05:55:17,46.16774,-123.91441,0.0,280.5,511.0,PACIFIC FUTURE,IMO7948316,WDC5819,30.0
367046890,2020-01-01T05:56:18,46.16773,-123.9144,0.0,282.5,511.0,PACIFIC FUTURE,IMO7948316,WDC5819,30.0
367046890,2020-01-01T05:58:06,46.16777,-123.91444,0.0,288.0,511.0,PACIFIC FUTURE,IMO7948316,WDC5819,30.0
367046890,2020-01-01T05:59:17,46.16774,-123.91446,0.0,302.1,511.0,PACIFIC FUTURE,IMO7948316,WDC5819,30.0
367046890,2020-01-01T06:00:06,46.16775,-123.91448,0.0,300.5,511.0,PACIFIC FUTURE,IMO7948316,WDC5819,30.0
367046890,2020-01-01T06:01:07,46.16776,-123.91447,0.0,302.1,511.0,PACIFIC FUTURE,IMO7948316,WDC5819,30.0
367046890,2020-01-01T06:02:17,46.16777,-123.91448,0.0,294.6,511.0,PACIFIC FUTURE,IMO7948316,WDC5819,30.0
367046890,2020-01-01T06:03:27,46.16774,-123.91446,0.0,288.1,511.0,PACIFIC FUTURE,IMO7948316,WDC5819,30.0
367046890,2020-01-01T06:04:36,46.16776,-123.91448,0.0,289.1,511.0,PACIFIC FUTURE,IMO7948316,WDC5819,30.0
367046890,2020-01-01T06:05:37,46.16772,-123.91447,0.1,287.6,511.0,PACIFIC FUTURE,IMO7948316,WDC5819,30.0
367046890,2020-01-01T06:06:46,46.16773,-123.91448,0.0,283.7,511.0,PACIFIC FUTURE,IMO7948316,WDC5819,30.0
367046890,2020-01-01T06:07:55,46.16777,-123.91444,0.0,280.0,511.0,PACIFIC FUTURE,IMO7948316,WDC5819,30.0
367046890,2020-01-01T06:09:26,46.16775,-123.91442,0.0,267.4,511.0,PACIFIC FUTURE,IMO7948316,WDC5819,30.0
367046890,2020-01-01T06:10:36,46.16775,-123.91446,0.0,263.7,511.0,PACIFIC FUTURE,IMO7948316,WDC5819,30.0
367046890,2020-01-01T06:11:47,46.16778,-123.91442,0.0,263.4,511.0,PACIFIC FUTURE,IMO7948316,WDC5819,30.0
367046890,2020-01-01T06:12:48,46.16775,-123.91447,0.0,259.0,511.0,PACIFIC FUTURE,IMO7948316,WDC5819,30.0
367046890,2020-01-01T06:14:36,46.16774,-123.91442,0.0,262.6,511.0,PACIFIC FUTURE,IMO7948316,WDC5819,30.0
367046890,2020-01-01T06:16:07,46.16771,-123.91445,0.0,258.7,511.0,PACIFIC FUTURE,IMO7948316,WDC5819,30.0
367046890,2020-01-01T06:17:37,46.1677,-123.91444,0.0,254.8,511.0,PACIFIC FUTURE,IMO7948316,WDC5819,30.0
367046890,2020-01-01T06:19:17,46.16772,-123.91439,0.0,254.7,511.0,PACIFIC FUTURE,IMO7948316,WDC5819,30.0
367046890,2020-01-01T06:21:07,46.16772,-123.91442,0.0,251.4,511.0,PACIFIC FUTURE,IMO7948316,WDC5819,30.0
367046890,2020-01-01T06:22:17,46.16773,-123.91442,0.0,256.5,511.0,PACIFIC FUTURE,IMO7948316,WDC5819,30.0
367046890,2020-01-01T06:23:36,46.16772,-123.91442,0.0,263.9,511.0,PACIFIC FUTURE,IMO7948316,WDC5819,30.0
367046890,2020-01-01T06:25:07,46.16773,-123.91444,0.0,267.7,511.0,PACIFIC FUTURE,IMO7948316,WDC5819,30.0
367046890,2020-01-01T06:26:36,46.16775,-123.91447,0.0,276.9,511.0,PACIFIC FUTURE,IMO7948316,WDC5819,30.0
367046890,2020-01-01T06:27:47,46.16774,-123.91444,0.0,296.6,511.0,PACIFIC FUTURE,IMO7948316,WDC5819,30.0
367046890,2020-01-01T06:29:37,46.16774,-123.91445,0.0,265.9,511.0,PACIFIC FUTURE,IMO7948316,WDC5819,30.0
367046890,2020-01-01T06:32:17,46.16771,-123.91439,0.0,262.5,511.0,PACIFIC FUTURE,IMO7948316,WDC5819,30.0
367046890,2020-01-01T06:33:18,46.16772,-123.91442,0.0,260.9,511.0,PACIFIC FUTURE,IMO7948316,WDC5819,30.0
367046890,2020-01-01T06:35:07,46.16771,-123.91439,0.0,269.2,511.0,PACIFIC FUTURE,IMO7948316,WDC5819,30.0
367046890,2020-01-01T06:37:07,46.1677,-123.91441,0.0,269.8,511.0,PACIFIC FUTURE,IMO7948316,WDC5819,30.0
367046890,2020-01-01T06:38:08,46.16774,-123.91444,0.0,273.5,511.0,PACIFIC FUTURE,IMO7948316,WDC5819,30.0
367046890,2020-01-01T06:39:27,46.16776,-123.91446,0.0,277.1,511.0,PACIFIC FUTURE,IMO7948316,WDC5819,30.0
367046890,2020-01-01T06:41:07,46.16773,-123.91444,0.0,276.6,511.0,PACIFIC FUTURE,IMO7948316,WDC5819,30.0
367046890,2020-01-01T06:42:37,46.1677,-123.91441,0.0,282.4,511.0,PACIFIC FUTURE,IMO7948316,WDC5819,30.0
367046890,2020-01-01T06:44:07,46.16772,-123.91445,0.0,287.8,511.0,PACIFIC FUTURE,IMO7948316,WDC5819,30.0
367046890,2020-01-01T06:45:56,46.16773,-123.91442,0.0,290.9,511.0,PACIFIC FUTURE,IMO7948316,WDC5819,30.0
367046890,2020-01-01T06:47:17,46.16771,-123.91441,0.0,295.2,511.0,PACIFIC FUTURE,IMO7948316,WDC5819,30.0
367046890,2020-01-01T06:49:06,46.16779,-123.91446,0.0,292.8,511.0,PACIFIC FUTURE,IMO7948316,WDC5819,30.0
367046890,2020-01-01T06:50:18,46.16774,-123.91445,0.0,291.3,511.0,PACIFIC FUTURE,IMO7948316,WDC5819,30.0
367046890,2020-01-01T06:52:18,46.16767,-123.91441,0.0,292.2,511.0,PACIFIC FUTURE,IMO7948316,WDC5819,30.0
367046890,2020-01-01T06:54:37,46.16771,-123.91443,0.0,292.8,511.0,PACIFIC FUTURE,IMO7948316,WDC5819,30.0
367046890,2020-01-01T06:56:07,46.1677,-123.91446,0.0,298.4,511.0,PACIFIC FUTURE,IMO7948316,WDC5819,30.0
367046890,2020-01-01T06:57:26,46.16773,-123.91446,0.0,267.7,511.0,PACIFIC FUTURE,IMO7948316,WDC5819,30.0
367046890,2020-01-01T06:59:07,46.16774,-123.91442,0.0,243.8,511.0,PACIFIC FUTURE,IMO7948316,WDC5819,30.0
367046890,2020-01-01T07:00:07,46.16775,-123.91444,0.0,231.1,511.0,PACIFIC FUTURE,IMO7948316,WDC5819,30.0
367046890,2020-01-01T07:01:16,46.16776,-123.91445,0.0,231.4,511.0,PACIFIC FUTURE,IMO7948316,WDC5819,30.0
367046890,2020-01-01T07:02:17,46.16775,-123.91445,0.0,232.6,511.0,PACIFIC FUTURE,IMO7948316,WDC5819,30.0
367046890,2020-01-01T07:03:27,46.16774,-123.91444,0.0,238.5,511.0,PACIFIC FUTURE,IMO7948316,WDC5819,30.0
367046890,2020-01-01T07:04:47,46.1678,-123.91445,0.0,232.3,511.0,PACIFIC FUTURE,IMO7948316,WDC5819,30.0
367046890,2020-01-01T07:05:48,46.16774,-123.91444,0.0,232.1,511.0,PACIFIC FUTURE,IMO7948316,WDC5819,30.0
367046890,2020-01-01T07:07:08,46.16773,-123.91444,0.0,226.8,511.0,PACIFIC FUTURE,IMO7948316,WDC5819,30.0
367046890,2020-01-01T07:08:16,46.16775,-123.91444,0.0,230.3,511.0,PACIFIC FUTURE,IMO7948316,WDC5819,30.0
367046890,2020-01-01T07:09:26,46.16774,-123.91445,0.0,228.3,511.0,PACIFIC FUTURE,IMO7948316,WDC5819,30.0
367046890,2020-01-01T07:10:37,46.16774,-123.91445,0.0,225.0,511.0,PACIFIC FUTURE,IMO7948316,WDC5819,30.0
367046890,2020-01-01T07:11:47,46.16772,-123.91442,0.0,233.1,511.0,PACIFIC FUTURE,IMO7948316,WDC5819,30.0
367046890,2020-01-01T07:12:48,46.16772,-123.91442,0.0,236.4,511.0,PACIFIC FUTURE,IMO7948316,WDC5819,30.0
367046890,2020-01-01T07:13:56,46.16771,-123.91443,0.0,231.1,511.0,PACIFIC FUTURE,IMO7948316,WDC5819,30.0
367046890,2020-01-01T07:14:57,46.16773,-123.91445,0.0,225.0,511.0,PACIFIC FUTURE,IMO7948316,WDC5819,30.0
367046890,2020-01-01T07:16:06,46.1677,-123.91445,0.0,225.0,511.0,PACIFIC FUTURE,IMO7948316,WDC5819,30.0
367046890,2020-01-01T07:17:07,46.16773,-123.91444,0.0,225.0,511.0,PACIFIC FUTURE,IMO7948316,WDC5819,30.0
367046890,2020-01-01T07:18:16,46.16771,-123.91448,0.0,239.0,511.0,PACIFIC FUTURE,IMO7948316,WDC5819,30.0
367046890,2020-01-01T07:19:36,46.16774,-123.91444,0.0,233.1,511.0,PACIFIC FUTURE,IMO7948316,WDC5819,30.0
367046890,2020-01-01T07:20:56,46.16774,-123.91446,0.0,315.0,511.0,PACIFIC FUTURE,IMO7948316,WDC5819,30.0
367046890,2020-01-01T07:22:07,46.16773,-123.91446,0.0,294.2,511.0,PACIFIC FUTURE,IMO7948316,WDC5819,30.0
367046890,2020-01-01T07:23:36,46.1677,-123.91455,0.0,304.5,511.0,PACIFIC FUTURE,IMO7948316,WDC5819,30.0
367046890,2020-01-01T07:24:46,46.16772,-123.91448,0.0,315.0,511.0,PACIFIC FUTURE,IMO7948316,WDC5819,30.0
367046890,2020-01-01T07:26:07,46.16773,-123.91445,0.0,294.2,511.0,PACIFIC FUTURE,IMO7948316,WDC5819,30.0
367046890,2020-01-01T07:27:17,46.16768,-123.91443,0.0,296.6,511.0,PACIFIC FUTURE,IMO7948316,WDC5819,30.0
367046890,2020-01-01T07:28:18,46.1677,-123.91445,0.0,292.1,511.0,PACIFIC FUTURE,IMO7948316,WDC5819,30.0
367046890,2020-01-01T07:29:26,46.16773,-123.91444,0.0,287.1,511.0,PACIFIC FUTURE,IMO7948316,WDC5819,30.0
367046890,2020-01-01T07:31:08,46.16772,-123.91442,0.0,291.4,511.0,PACIFIC FUTURE,IMO7948316,WDC5819,30.0
367046890,2020-01-01T07:32:16,46.1677,-123.91442,0.0,288.7,511.0,PACIFIC FUTURE,IMO7948316,WDC5819,30.0
367046890,2020-01-01T07:33:17,46.16771,-123.91441,0.0,287.1,511.0,PACIFIC FUTURE,IMO7948316,WDC5819,30.0
367046890,2020-01-01T07:35:26,46.16768,-123.9144,0.0,282.1,511.0,PACIFIC FUTURE,IMO7948316,WDC5819,30.0
367046890,2020-01-01T07:37:47,46.16773,-123.91441,0.0,279.0,511.0,PACIFIC FUTURE,IMO7948316,WDC5819,30.0
367046890,2020-01-01T07:39:06,46.16772,-123.91442,0.0,280.2,511.0,PACIFIC FUTURE,IMO7948316,WDC5819,30.0
367046890,2020-01-01T07:41:06,46.16774,-123.91442,0.0,306.9,511.0,PACIFIC FUTURE,IMO7948316,WDC5819,30.0
367046890,2020-01-01T07:42:07,46.16773,-123.91442,0.0,279.5,511.0,PACIFIC FUTURE,IMO7948316,WDC5819,30.0
367046890,2020-01-01T07:43:36,46.16772,-123.91442,0.0,315.0,511.0,PACIFIC FUTURE,IMO7948316,WDC5819,30.0
367046890,2020-01-01T07:44:37,46.16775,-123.91443,0.0,272.3,511.0,PACIFIC FUTURE,IMO7948316,WDC5819,30.0
367046890,2020-01-01T07:45:47,46.16771,-123.91438,0.0,315.0,511.0,PACIFIC FUTURE,IMO7948316,WDC5819,30.0
367046890,2020-01-01T07:47:17,46.1677,-123.9144,0.0,273.8,511.0,PACIFIC FUTURE,IMO7948316,WDC5819,30.0
367046890,2020-01-01T07:49:07,46.16777,-123.91441,0.0,315.0,511.0,PACIFIC FUTURE,IMO7948316,WDC5819,30.0
367046890,2020-01-01T07:50:18,46.16773,-123.91442,0.0,315.0,511.0,PACIFIC FUTURE,IMO7948316,WDC5819,30.0
367046890,2020-01-01T07:51:27,46.16766,-123.9145,0.0,279.7,511.0,PACIFIC FUTURE,IMO7948316,WDC5819,30.0
367046890,2020-01-01T07:53:07,46.1677,-123.91449,0.0,315.0,511.0,PACIFIC FUTURE,IMO7948316,WDC5819,30.0
367046890,2020-01-01T07:54:47,46.16773,-123.91445,0.0,315.0,511.0,PACIFIC FUTURE,IMO7948316,WDC5819,30.0
367046890,2020-01-01T07:56:27,46.16768,-123.9144,0.0,315.0,511.0,PACIFIC FUTURE,IMO7948316,WDC5819,30.0
367046890,2020-01-01T07:57:56,46.16771,-123.91446,0.0,296.4,511.0,PACIFIC FUTURE,IMO7948316,WDC5819,30.0
367046890,2020-01-01T07:59:07,46.16771,-123.91448,0.0,301.4,511.0,PACIFIC FUTURE,IMO7948316,WDC5819,30.0
367046890,2020-01-01T08:00:07,46.16774,-123.91447,0.0,315.0,511.0,PACIFIC FUTURE,IMO7948316,WDC5819,30.0
367046890,2020-01-01T08:01:08,46.16776,-123.91448,0.0,305.9,511.0,PACIFIC FUTURE,IMO7948316,WDC5819,30.0
367046890,2020-01-01T08:02:17,46.16774,-123.91446,0.0,311.9,511.0,PACIFIC FUTURE,IMO7948316,WDC5819,30.0
367046890,2020-01-01T08:03:26,46.16774,-123.91448,0.0,315.0,511.0,PACIFIC FUTURE,IMO7948316,WDC5819,30.0
367046890,2020-01-01T08:04:37,46.16775,-123.91447,0.0,318.4,511.0,PACIFIC FUTURE,IMO7948316,WDC5819,30.0
367046890,2020-01-01T08:05:47,46.16774,-123.91443,0.0,318.4,511.0,PACIFIC FUTURE,IMO7948316,WDC5819,30.0
367046890,2020-01-01T08:06:48,46.16772,-123.91444,0.0,318.4,511.0,PACIFIC FUTURE,IMO7948316,WDC5819,30.0
367046890,2020-01-01T08:08:07,46.16776,-123.91443,0.0,285.5,511.0,PACIFIC FUTURE,IMO7948316,WDC5819,30.0
367046890,2020-01-01T08:09:26,46.16774,-123.91443,0.0,262.7,511.0,PACIFIC FUTURE,IMO7948316,WDC5819,30.0
367046890,2020-01-01T08:10:46,46.16779,-123.91445,0.0,250.8,511.0,PACIFIC FUTURE,IMO7948316,WDC5819,30.0
367046890,2020-01-01T08:11:47,46.16777,-123.9144,0.0,245.3,511.0,PACIFIC FUTURE,IMO7948316,WDC5819,30.0
367046890,2020-01-01T08:12:56,46.16781,-123.91442,0.0,247.8,511.0,PACIFIC FUTURE,IMO7948316,WDC5819,30.0
367046890,2020-01-01T08:14:06,46.16789,-123.91442,0.0,243.4,511.0,PACIFIC FUTURE,IMO7948316,WDC5819,30.0
367046890,2020-01-01T08:15:07,46.16783,-123.91443,0.0,237.8,511.0,PACIFIC FUTURE,IMO7948316,WDC5819,30.0
367046890,2020-01-01T08:16:18,46.16781,-123.91446,0.1,234.5,511.0,PACIFIC FUTURE,IMO7948316,WDC5819,30.0
367046890,2020-01-01T08:17:27,46.16781,-123.91444,0.0,232.9,511.0,PACIFIC FUTURE,IMO7948316,WDC5819,30.0
367046890,2020-01-01T08:18:37,46.16783,-123.9144,0.0,233.9,511.0,PACIFIC FUTURE,IMO7948316,WDC5819,30.0
367046890,2020-01-01T08:20:07,46.16775,-123.91445,0.0,240.3,511.0,PACIFIC FUTURE,IMO7948316,WDC5819,30.0
367046890,2020-01-01T08:21:36,46.16772,-123.91447,0.0,246.6,511.0,PACIFIC FUTURE,IMO7948316,WDC5819,30.0
367046890,2020-01-01T08:22:46,46.16775,-123.91446,0.0,244.0,511.0,PACIFIC FUTURE,IMO7948316,WDC5819,30.0
367046890,2020-01-01T08:24:18,46.16774,-123.91447,0.0,238.1,511.0,PACIFIC FUTURE,IMO7948316,WDC5819,30.0
367046890,2020-01-01T08:25:26,46.16773,-123.91447,0.0,239.6,511.0,PACIFIC FUTURE,IMO7948316,WDC5819,30.0
367046890,2020-01-01T08:26:46,46.16779,-123.91442,0.0,237.5,511.0,PACIFIC FUTURE,IMO7948316,WDC5819,30.0
367046890,2020-01-01T08:27:47,46.16777,-123.91442,0.0,232.4,511.0,PACIFIC FUTURE,IMO7948316,WDC5819,30.0
367046890,2020-01-01T08:29:37,46.16777,-123.91438,0.0,234.0,511.0,PACIFIC FUTURE,IMO7948316,WDC5819,30.0
367046890,2020-01-01T08:31:06,46.16775,-123.91442,0.0,231.3,511.0,PACIFIC FUTURE,IMO7948316,WDC5819,30.0
367046890,2020-01-01T08:32:17,46.16774,-123.91443,0.0,231.2,511.0,PACIFIC FUTURE,IMO7948316,WDC5819,30.0
367046890,2020-01-01T08:33:18,46.16774,-123.91445,0.0,232.7,511.0,PACIFIC FUTURE,IMO7948316,WDC5819,30.0
367046890,2020-01-01T08:34:26,46.16776,-123.91445,0.0,232.9,511.0,PACIFIC FUTURE,IMO7948316,WDC5819,30.0
367046890,2020-01-01T08:36:36,46.16773,-123.91446,0.0,227.9,511.0,PACIFIC FUTURE,IMO7948316,WDC5819,30.0
367046890,2020-01-01T08:38:17,46.16775,-123.91445,0.0,228.1,511.0,PACIFIC FUTURE,IMO7948316,WDC5819,30.0
367046890,2020-01-01T08:39:26,46.16772,-123.91442,0.0,228.0,511.0,PACIFIC FUTURE,IMO7948316,WDC5819,30.0
367046890,2020-01-01T08:41:07,46.16774,-123.91444,0.0,225.4,511.0,PACIFIC FUTURE,IMO7948316,WDC5819,30.0
367046890,2020-01-01T08:42:37,46.16773,-123.91442,0.0,226.8,511.0,PACIFIC FUTURE,IMO7948316,WDC5819,30.0
367046890,2020-01-01T08:44:37,46.16776,-123.91446,0.0,227.2,511.0,PACIFIC FUTURE,IMO7948316,WDC5819,30.0
367046890,2020-01-01T08:45:48,46.16775,-123.91445,0.0,225.8,511.0,PACIFIC FUTURE,IMO7948316,WDC5819,30.0
367046890,2020-01-01T08:46:56,46.16773,-123.91443,0.1,226.6,511.0,PACIFIC FUTURE,IMO7948316,WDC5819,30.0
367046890,2020-01-01T08:48:17,46.16774,-123.91442,0.0,225.9,511.0,PACIFIC FUTURE,IMO7948316,WDC5819,30.0
367046890,2020-01-01T08:49:27,46.16775,-123.91443,0.1,224.5,511.0,PACIFIC FUTURE,IMO7948316,WDC5819,30.0
367046890,2020-01-01T08:52:06,46.16771,-123.91453,0.0,234.0,511.0,PACIFIC FUTURE,IMO7948316,WDC5819,30.0
367046890,2020-01-01T08:53:07,46.16771,-123.91452,0.0,231.0,511.0,PACIFIC FUTURE,IMO7948316,WDC5819,30.0
367046890,2020-01-01T08:55:37,46.16773,-123.91449,0.0,238.0,511.0,PACIFIC FUTURE,IMO7948316,WDC5819,30.0
367046890,2020-01-01T08:57:07,46.16772,-123.91446,0.0,228.4,511.0,PACIFIC FUTURE,IMO7948316,WDC5819,30.0
367046890,2020-01-01T08:59:57,46.16776,-123.91447,0.0,243.7,511.0,PACIFIC FUTURE,IMO7948316,WDC5819,30.0
367046890,2020-01-01T09:00:06,46.16777,-123.91447,0.0,242.7,511.0,PACIFIC FUTURE,IMO7948316,WDC5819,30.0
367046890,2020-01-01T09:01:18,46.16776,-123.91445,0.0,243.8,511.0,PACIFIC FUTURE,IMO7948316,WDC5819,30.0
367046890,2020-01-01T09:02:27,46.16775,-123.91445,0.0,243.4,511.0,PACIFIC FUTURE,IMO7948316,WDC5819,30.0
367046890,2020-01-01T09:03:36,46.16776,-123.91445,0.0,255.6,511.0,PACIFIC FUTURE,IMO7948316,WDC5819,30.0
367046890,2020-01-01T09:04:37,46.16775,-123.91445,0.0,272.2,511.0,PACIFIC FUTURE,IMO7948316,WDC5819,30.0
367046890,2020-01-01T09:05:56,46.16773,-123.91443,0.0,281.9,511.0,PACIFIC FUTURE,IMO7948316,WDC5819,30.0
367046890,2020-01-01T09:07:07,46.16775,-123.91444,0.0,291.5,511.0,PACIFIC FUTURE,IMO7948316,WDC5819,30.0
367046890,2020-01-01T09:08:37,46.16776,-123.91445,0.0,297.1,511.0,PACIFIC FUTURE,IMO7948316,WDC5819,30.0
367046890,2020-01-01T09:09:56,46.16774,-123.91443,0.0,305.0,511.0,PACIFIC FUTURE,IMO7948316,WDC5819,30.0
367046890,2020-01-01T09:11:37,46.16776,-123.91445,0.0,315.0,511.0,PACIFIC FUTURE,IMO7948316,WDC5819,30.0
367046890,2020-01-01T09:12:47,46.16775,-123.91443,0.0,301.8,511.0,PACIFIC FUTURE,IMO7948316,WDC5819,30.0
367046890,2020-01-01T09:13:56,46.16774,-123.91443,0.0,309.8,511.0,PACIFIC FUTURE,IMO7948316,WDC5819,30.0
367046890,2020-01-01T09:15:36,46.16777,-123.91444,0.0,305.2,511.0,PACIFIC FUTURE,IMO7948316,WDC5819,30.0
367046890,2020-01-01T09:17:27,46.16773,-123.91442,0.0,306.6,511.0,PACIFIC FUTURE,IMO7948316,WDC5819,30.0
367046890,2020-01-01T09:18:36,46.16777,-123.91442,0.0,307.2,511.0,PACIFIC FUTURE,IMO7948316,WDC5819,30.0
367046890,2020-01-01T09:19:37,46.16776,-123.91441,0.0,305.8,511.0,PACIFIC FUTURE,IMO7948316,WDC5819,30.0
367046890,2020-01-01T09:21:27,46.16774,-123.91443,0.0,305.7,511.0,PACIFIC FUTURE,IMO7948316,WDC5819,30.0
367046890,2020-01-01T09:22:28,46.16773,-123.91444,0.0,308.7,511.0,PACIFIC FUTURE,IMO7948316,WDC5819,30.0
367046890,2020-01-01T09:23:57,46.16777,-123.91445,0.0,312.1,511.0,PACIFIC FUTURE,IMO7948316,WDC5819,30.0
367046890,2020-01-01T09:25:07,46.16769,-123.91449,0.0,311.2,511.0,PACIFIC FUTURE,IMO7948316,WDC5819,30.0
367046890,2020-01-01T09:26:16,46.1677,-123.91449,0.0,301.8,511.0,PACIFIC FUTURE,IMO7948316,WDC5819,30.0
367046890,2020-01-01T09:28:07,46.16771,-123.91442,0.0,308.9,511.0,PACIFIC FUTURE,IMO7948316,WDC5819,30.0
367046890,2020-01-01T09:30:06,46.16774,-123.91445,0.1,310.0,511.0,PACIFIC FUTURE,IMO7948316,WDC5819,30.0
367046890,2020-01-01T09:31:07,46.16774,-123.91445,0.0,307.2,511.0,PACIFIC FUTURE,IMO7948316,WDC5819,30.0
367046890,2020-01-01T09:32:47,46.16774,-123.91445,0.0,309.4,511.0,PACIFIC FUTURE,IMO7948316,WDC5819,30.0
367046890,2020-01-01T09:35:26,46.16774,-123.91445,0.0,315.5,511.0,PACIFIC FUTURE,IMO7948316,WDC5819,30.0
367046890,2020-01-01T09:36:36,46.16774,-123.91444,0.0,308.3,511.0,PACIFIC FUTURE,IMO7948316,WDC5819,30.0
367046890,2020-01-01T09:38:36,46.16774,-123.91445,0.0,315.0,511.0,PACIFIC FUTURE,IMO7948316,WDC5819,30.0
367046890,2020-01-01T09:39:46,46.16774,-123.91446,0.0,317.0,511.0,PACIFIC FUTURE,IMO7948316,WDC5819,30.0
367046890,2020-01-01T09:41:26,46.16773,-123.91445,0.0,315.5,511.0,PACIFIC FUTURE,IMO7948316,WDC5819,30.0
367046890,2020-01-01T09:43:37,46.16774,-123.91444,0.0,317.9,511.0,PACIFIC FUTURE,IMO7948316,WDC5819,30.0
367046890,2020-01-01T09:46:16,46.16775,-123.91445,0.0,318.6,511.0,PACIFIC FUTURE,IMO7948316,WDC5819,30.0
367046890,2020-01-01T09:47:17,46.16774,-123.91445,0.0,322.1,511.0,PACIFIC FUTURE,IMO7948316,WDC5819,30.0
367046890,2020-01-01T09:49:08,46.16775,-123.91444,0.0,328.6,511.0,PACIFIC FUTURE,IMO7948316,WDC5819,30.0
367046890,2020-01-01T09:50:16,46.16774,-123.91443,0.0,324.9,511.0,PACIFIC FUTURE,IMO7948316,WDC5819,30.0
367046890,2020-01-01T09:51:18,46.16772,-123.91444,0.0,326.0,511.0,PACIFIC FUTURE,IMO7948316,WDC5819,30.0
367046890,2020-01-01T09:53:18,46.16774,-123.91444,0.0,330.8,511.0,PACIFIC FUTURE,IMO7948316,WDC5819,30.0
367046890,2020-01-01T09:54:36,46.16773,-123.91444,0.0,328.2,511.0,PACIFIC FUTURE,IMO7948316,WDC5819,30.0
367046890,2020-01-01T09:55:56,46.16772,-123.91442,0.0,322.9,511.0,PACIFIC FUTURE,IMO7948316,WDC5819,30.0
367046890,2020-01-01T09:57:18,46.16776,-123.91448,0.0,322.7,511.0,PACIFIC FUTURE,IMO7948316,WDC5819,30.0
367046890,2020-01-01T09:59:07,46.16773,-123.91445,0.0,313.0,511.0,PACIFIC FUTURE,IMO7948316,WDC5819,30.0
367046890,2020-01-01T10:00:07,46.16776,-123.91445,0.0,302.7,511.0,PACIFIC FUTURE,IMO7948316,WDC5819,30.0
367046890,2020-01-01T10:01:16,46.16772,-123.91442,0.0,300.6,511.0,PACIFIC FUTURE,IMO7948316,WDC5819,30.0
367046890,2020-01-01T10:02:27,46.16774,-123.91445,0.0,293.7,511.0,PACIFIC FUTURE,IMO7948316,WDC5819,30.0
367046890,2020-01-01T10:03:28,46.16772,-123.91445,0.0,294.9,511.0,PACIFIC FUTURE,IMO7948316,WDC5819,30.0
367046890,2020-01-01T10:04:36,46.16773,-123.91446,0.0,296.6,511.0,PACIFIC FUTURE,IMO7948316,WDC5819,30.0
367046890,2020-01-01T10:05:46,46.16773,-123.91446,0.0,293.9,511.0,PACIFIC FUTURE,IMO7948316,WDC5819,30.0
367046890,2020-01-01T10:06:47,46.16775,-123.91448,0.0,293.8,511.0,PACIFIC FUTURE,IMO7948316,WDC5819,30.0
367046890,2020-01-01T10:07:56,46.16771,-123.91442,0.1,300.3,511.0,PACIFIC FUTURE,IMO7948316,WDC5819,30.0
367046890,2020-01-01T10:08:57,46.16773,-123.91444,0.0,306.8,511.0,PACIFIC FUTURE,IMO7948316,WDC5819,30.0
367046890,2020-01-01T10:10:06,46.16773,-123.91445,0.0,311.2,511.0,PACIFIC FUTURE,IMO7948316,WDC5819,30.0
367046890,2020-01-01T10:11:26,46.16774,-123.91446,0.0,315.0,511.0,PACIFIC FUTURE,IMO7948316,WDC5819,30.0
367046890,2020-01-01T10:13:08,46.16773,-123.91445,0.0,315.0,511.0,PACIFIC FUTURE,IMO7948316,WDC5819,30.0
367046890,2020-01-01T10:14:17,46.16772,-123.91445,0.0,289.4,511.0,PACIFIC FUTURE,IMO7948316,WDC5819,30.0
367046890,2020-01-01T10:15:18,46.16772,-123.91444,0.0,277.5,511.0,PACIFIC FUTURE,IMO7948316,WDC5819,30.0
367046890,2020-01-01T10:16:26,46.16771,-123.91444,0.0,257.3,511.0,PACIFIC FUTURE,IMO7948316,WDC5819,30.0
367046890,2020-01-01T10:18:07,46.1677,-123.91441,0.0,241.7,511.0,PACIFIC FUTURE,IMO7948316,WDC5819,30.0
367046890,2020-01-01T10:19:17,46.16774,-123.91445,0.0,240.0,511.0,PACIFIC FUTURE,IMO7948316,WDC5819,30.0
367046890,2020-01-01T10:20:37,46.16769,-123.91439,0.0,237.7,511.0,PACIFIC FUTURE,IMO7948316,WDC5819,30.0
367046890,2020-01-01T10:22:18,46.16772,-123.91442,0.0,228.7,511.0,PACIFIC FUTURE,IMO7948316,WDC5819,30.0
367046890,2020-01-01T10:23:37,46.16771,-123.91442,0.0,228.6,511.0,PACIFIC FUTURE,IMO7948316,WDC5819,30.0
367046890,2020-01-01T10:25:18,46.16769,-123.91438,0.0,225.2,511.0,PACIFIC FUTURE,IMO7948316,WDC5819,30.0
367046890,2020-01-01T10:26:37,46.16774,-123.91444,0.0,221.1,511.0,PACIFIC FUTURE,IMO7948316,WDC5819,30.0
367046890,2020-01-01T10:28:08,46.16771,-123.91437,0.0,220.9,511.0,PACIFIC FUTURE,IMO7948316,WDC5819,30.0
367046890,2020-01-01T10:29:27,46.16772,-123.91439,0.0,213.6,511.0,PACIFIC FUTURE,IMO7948316,WDC5819,30.0
367046890,2020-01-01T10:31:06,46.1677,-123.91437,0.0,211.6,511.0,PACIFIC FUTURE,IMO7948316,WDC5819,30.0
367046890,2020-01-01T10:32:27,46.16771,-123.91437,0.0,221.6,511.0,PACIFIC FUTURE,IMO7948316,WDC5819,30.0
367046890,2020-01-01T10:33:36,46.16774,-123.9144,0.0,225.0,511.0,PACIFIC FUTURE,IMO7948316,WDC5819,30.0
367046890,2020-01-01T10:35:06,46.16773,-123.91442,0.0,233.1,511.0,PACIFIC FUTURE,IMO7948316,WDC5819,30.0
367046890,2020-01-01T10:36:16,46.16773,-123.91443,0.0,233.9,511.0,PACIFIC FUTURE,IMO7948316,WDC5819,30.0
367046890,2020-01-01T10:37:26,46.16773,-123.91442,0.0,242.6,511.0,PACIFIC FUTURE,IMO7948316,WDC5819,30.0
367046890,2020-01-01T10:39:37,46.16772,-123.91445,0.0,252.4,511.0,PACIFIC FUTURE,IMO7948316,WDC5819,30.0
367046890,2020-01-01T10:41:26,46.16775,-123.91439,0.0,260.7,511.0,PACIFIC FUTURE,IMO7948316,WDC5819,30.0
367046890,2020-01-01T10:43:06,46.16774,-123.91445,0.0,251.6,511.0,PACIFIC FUTURE,IMO7948316,WDC5819,30.0
367046890,2020-01-01T10:45:06,46.16775,-123.91442,0.0,263.0,511.0,PACIFIC FUTURE,IMO7948316,WDC5819,30.0
367046890,2020-01-01T10:46:07,46.16775,-123.91438,0.0,225.0,511.0,PACIFIC FUTURE,IMO7948316,WDC5819,30.0
367046890,2020-01-01T10:47:47,46.16774,-123.91442,0.0,281.3,511.0,PACIFIC FUTURE,IMO7948316,WDC5819,30.0
367046890,2020-01-01T10:50:26,46.16775,-123.91445,0.0,315.0,511.0,PACIFIC FUTURE,IMO7948316,WDC5819,30.0
367046890,2020-01-01T10:52:07,46.16775,-123.91445,0.0,315.0,511.0,PACIFIC FUTURE,IMO7948316,WDC5819,30.0
367046890,2020-01-01T10:53:37,46.16772,-123.91448,0.0,285.2,511.0,PACIFIC FUTURE,IMO7948316,WDC5819,30.0
367046890,2020-01-01T10:56:36,46.16774,-123.91445,0.0,286.7,511.0,PACIFIC FUTURE,IMO7948316,WDC5819,30.0
367046890,2020-01-01T10:58:36,46.16774,-123.91447,0.0,299.7,511.0,PACIFIC FUTURE,IMO7948316,WDC5819,30.0
367046890,2020-01-01T10:59:46,46.1677,-123.91446,0.0,294.2,511.0,PACIFIC FUTURE,IMO7948316,WDC5819,30.0
367046890,2020-01-01T11:00:06,46.1677,-123.91445,0.0,295.6,511.0,PACIFIC FUTURE,IMO7948316,WDC5819,30.0
367046890,2020-01-01T11:01:17,46.16773,-123.91442,0.0,295.7,511.0,PACIFIC FUTURE,IMO7948316,WDC5819,30.0
367046890,2020-01-01T11:02:27,46.16772,-123.91439,0.0,315.0,511.0,PACIFIC FUTURE,IMO7948316,WDC5819,30.0
367046890,2020-01-01T11:03:37,46.16769,-123.9144,0.0,315.0,511.0,PACIFIC FUTURE,IMO7948316,WDC5819,30.0
367046890,2020-01-01T11:04:38,46.1677,-123.91442,0.0,291.4,511.0,PACIFIC FUTURE,IMO7948316,WDC5819,30.0
367046890,2020-01-01T11:05:46,46.16771,-123.91444,0.0,293.2,511.0,PACIFIC FUTURE,IMO7948316,WDC5819,30.0
367046890,2020-01-01T11:06:57,46.16771,-123.91444,0.0,283.2,511.0,PACIFIC FUTURE,IMO7948316,WDC5819,30.0
367046890,2020-01-01T11:08:07,46.16774,-123.91444,0.0,279.5,511.0,PACIFIC FUTURE,IMO7948316,WDC5819,30.0
367046890,2020-01-01T11:09:16,46.16772,-123.91442,0.0,315.0,511.0,PACIFIC FUTURE,IMO7948316,WDC5819,30.0
367046890,2020-01-01T11:10:17,46.16772,-123.91443,0.0,315.0,511.0,PACIFIC FUTURE,IMO7948316,WDC5819,30.0
367046890,2020-01-01T11:11:18,46.16772,-123.91443,0.0,315.0,511.0,PACIFIC FUTURE,IMO7948316,WDC5819,30.0
367046890,2020-01-01T11:12:26,46.16772,-123.91443,0.0,278.2,511.0,PACIFIC FUTURE,IMO7948316,WDC5819,30.0
367046890,2020-01-01T11:13:37,46.16772,-123.91442,0.0,281.3,511.0,PACIFIC FUTURE,IMO7948316,WDC5819,30.0
367046890,2020-01-01T11:15:07,46.1677,-123.91444,0.0,276.3,511.0,PACIFIC FUTURE,IMO7948316,WDC5819,30.0
367046890,2020-01-01T11:16:37,46.16774,-123.91444,0.0,315.0,511.0,PACIFIC FUTURE,IMO7948316,WDC5819,30.0
367046890,2020-01-01T11:18:07,46.16776,-123.91441,0.0,315.0,511.0,PACIFIC FUTURE,IMO7948316,WDC5819,30.0
367046890,2020-01-01T11:19:37,46.16774,-123.91441,0.0,315.0,511.0,PACIFIC FUTURE,IMO7948316,WDC5819,30.0
367046890,2020-01-01T11:20:57,46.16774,-123.91442,0.0,315.0,511.0,PACIFIC FUTURE,IMO7948316,WDC5819,30.0
367046890,2020-01-01T11:22:07,46.16775,-123.91446,0.0,253.9,511.0,PACIFIC FUTURE,IMO7948316,WDC5819,30.0
367046890,2020-01-01T11:23:37,46.16775,-123.91444,0.0,235.9,511.0,PACIFIC FUTURE,IMO7948316,WDC5819,30.0
367046890,2020-01-01T11:24:46,46.16776,-123.91444,0.0,231.0,511.0,PACIFIC FUTURE,IMO7948316,WDC5819,30.0
367046890,2020-01-01T11:26:17,46.1677,-123.91447,0.0,231.5,511.0,PACIFIC FUTURE,IMO7948316,WDC5819,30.0
367046890,2020-01-01T11:27:37,46.16766,-123.91449,0.0,229.8,511.0,PACIFIC FUTURE,IMO7948316,WDC5819,30.0
367046890,2020-01-01T11:29:07,46.16771,-123.91451,0.0,239.8,511.0,PACIFIC FUTURE,IMO7948316,WDC5819,30.0
367046890,2020-01-01T11:30:37,46.16769,-123.9145,0.0,248.4,511.0,PACIFIC FUTURE,IMO7948316,WDC5819,30.0
367046890,2020-01-01T11:31:46,46.16771,-123.91448,0.0,252.0,511.0,PACIFIC FUTURE,IMO7948316,WDC5819,30.0
367046890,2020-01-01T11:33:26,46.16771,-123.91444,0.0,243.1,511.0,PACIFIC FUTURE,IMO7948316,WDC5819,30.0
367046890,2020-01-01T11:35:16,46.16772,-123.91443,0.0,238.0,511.0,PACIFIC FUTURE,IMO7948316,WDC5819,30.0
367046890,2020-01-01T11:36:17,46.16771,-123.91444,0.0,235.9,511.0,PACIFIC FUTURE,IMO7948316,WDC5819,30.0
367046890,2020-01-01T11:37:37,46.16772,-123.91441,0.0,234.7,511.0,PACIFIC FUTURE,IMO7948316,WDC5819,30.0
367046890,2020-01-01T11:39:17,46.1677,-123.91443,0.0,236.0,511.0,PACIFIC FUTURE,IMO7948316,WDC5819,30.0
367046890,2020-01-01T11:40:37,46.16768,-123.91438,0.0,230.1,511.0,PACIFIC FUTURE,IMO7948316,WDC5819,30.0
367046890,2020-01-01T11:42:07,46.16768,-123.91439,0.0,230.9,511.0,PACIFIC FUTURE,IMO7948316,WDC5819,30.0
367046890,2020-01-01T11:44:16,46.16769,-123.91441,0.0,220.5,511.0,PACIFIC FUTURE,IMO7948316,WDC5819,30.0
367046890,2020-01-01T11:45:57,46.16772,-123.91442,0.0,225.0,511.0,PACIFIC FUTURE,IMO7948316,WDC5819,30.0
367046890,2020-01-01T11:49:06,46.16774,-123.91442,0.0,232.0,511.0,PACIFIC FUTURE,IMO7948316,WDC5819,30.0
367046890,2020-01-01T11:50:57,46.16771,-123.91442,0.0,235.9,511.0,PACIFIC FUTURE,IMO7948316,WDC5819,30.0
367046890,2020-01-01T11:52:18,46.16774,-123.91444,0.0,235.3,511.0,PACIFIC FUTURE,IMO7948316,WDC5819,30.0
367046890,2020-01-01T11:53:37,46.16772,-123.91444,0.0,233.7,511.0,PACIFIC FUTURE,IMO7948316,WDC5819,30.0
367046890,2020-01-01T11:55:07,46.16772,-123.91441,0.0,227.9,511.0,PACIFIC FUTURE,IMO7948316,WDC5819,30.0
367046890,2020-01-01T11:56:37,46.16772,-123.91444,0.0,227.8,511.0,PACIFIC FUTURE,IMO7948316,WDC5819,30.0
367046890,2020-01-01T11:59:06,46.16775,-123.91445,0.0,264.0,511.0,PACIFIC FUTURE,IMO7948316,WDC5819,30.0
367046890,2020-01-01T12:00:06,46.16775,-123.91444,0.0,277.3,511.0,PACIFIC FUTURE,IMO7948316,WDC5819,30.0
367046890,2020-01-01T12:01:07,46.16774,-123.91446,0.0,294.4,511.0,PACIFIC FUTURE,IMO7948316,WDC5819,30.0
367046890,2020-01-01T12:02:17,46.16774,-123.91447,0.0,295.6,511.0,PACIFIC FUTURE,IMO7948316,WDC5819,30.0
367046890,2020-01-01T12:03:26,46.16777,-123.91448,0.0,300.6,511.0,PACIFIC FUTURE,IMO7948316,WDC5819,30.0
367046890,2020-01-01T12:04:37,46.16775,-123.91445,0.0,309.4,511.0,PACIFIC FUTURE,IMO7948316,WDC5819,30.0
367046890,2020-01-01T12:05:47,46.16774,-123.91446,0.0,311.8,511.0,PACIFIC FUTURE,IMO7948316,WDC5819,30.0
367046890,2020-01-01T12:06:56,46.16773,-123.91445,0.0,315.0,511.0,PACIFIC FUTURE,IMO7948316,WDC5819,30.0
367046890,2020-01-01T12:07:57,46.16774,-123.91445,0.0,316.0,511.0,PACIFIC FUTURE,IMO7948316,WDC5819,30.0
367046890,2020-01-01T12:09:26,46.16774,-123.91444,0.0,319.8,511.0,PACIFIC FUTURE,IMO7948316,WDC5819,30.0
367046890,2020-01-01T12:10:46,46.16773,-123.91442,0.0,323.7,511.0,PACIFIC FUTURE,IMO7948316,WDC5819,30.0
367046890,2020-01-01T12:11:56,46.16772,-123.91444,0.0,331.2,511.0,PACIFIC FUTURE,IMO7948316,WDC5819,30.0
367046890,2020-01-01T12:13:26,46.16776,-123.91446,0.0,334.1,511.0,PACIFIC FUTURE,IMO7948316,WDC5819,30.0
367046890,2020-01-01T12:14:57,46.16775,-123.91444,0.0,333.9,511.0,PACIFIC FUTURE,IMO7948316,WDC5819,30.0
367046890,2020-01-01T12:16:26,46.16774,-123.91445,0.0,333.2,511.0,PACIFIC FUTURE,IMO7948316,WDC5819,30.0
367046890,2020-01-01T12:17:37,46.16773,-123.91445,0.0,336.6,511.0,PACIFIC FUTURE,IMO7948316,WDC5819,30.0
367046890,2020-01-01T12:19:07,46.16776,-123.91444,0.0,333.4,511.0,PACIFIC FUTURE,IMO7948316,WDC5819,30.0
367046890,2020-01-01T12:20:18,46.16772,-123.91442,0.0,335.1,511.0,PACIFIC FUTURE,IMO7948316,WDC5819,30.0
367046890,2020-01-01T12:21:46,46.16768,-123.9144,0.0,337.1,511.0,PACIFIC FUTURE,IMO7948316,WDC5819,30.0
367046890,2020-01-01T12:22:47,46.1677,-123.91442,0.0,337.9,511.0,PACIFIC FUTURE,IMO7948316,WDC5819,30.0
367046890,2020-01-01T12:24:37,46.16771,-123.91447,0.0,315.0,511.0,PACIFIC FUTURE,IMO7948316,WDC5819,30.0
367046890,2020-01-01T12:25:46,46.16774,-123.91445,0.0,338.5,511.0,PACIFIC FUTURE,IMO7948316,WDC5819,30.0
367046890,2020-01-01T12:27:07,46.1677,-123.91444,0.0,341.6,511.0,PACIFIC FUTURE,IMO7948316,WDC5819,30.0
367046890,2020-01-01T12:28:37,46.16774,-123.91443,0.0,340.4,511.0,PACIFIC FUTURE,IMO7948316,WDC5819,30.0
367046890,2020-01-01T12:30:07,46.16773,-123.91445,0.0,315.0,511.0,PACIFIC FUTURE,IMO7948316,WDC5819,30.0
367046890,2020-01-01T12:31:37,46.16772,-123.91443,0.0,339.8,511.0,PACIFIC FUTURE,IMO7948316,WDC5819,30.0
367046890,2020-01-01T12:34:07,46.16777,-123.91444,0.0,338.9,511.0,PACIFIC FUTURE,IMO7948316,WDC5819,30.0
367046890,2020-01-01T12:35:37,46.16773,-123.91439,0.0,338.3,511.0,PACIFIC FUTURE,IMO7948316,WDC5819,30.0
367046890,2020-01-01T12:36:46,46.16775,-123.91444,0.0,315.0,511.0,PACIFIC FUTURE,IMO7948316,WDC5819,30.0
367046890,2020-01-01T12:37:56,46.16774,-123.91445,0.1,336.1,511.0,PACIFIC FUTURE,IMO7948316,WDC5819,30.0
367046890,2020-01-01T12:40:07,46.16774,-123.91449,0.0,339.4,511.0,PACIFIC FUTURE,IMO7948316,WDC5819,30.0
367046890,2020-01-01T12:42:07,46.16771,-123.91446,0.0,340.6,511.0,PACIFIC FUTURE,IMO7948316,WDC5819,30.0
367046890,2020-01-01T12:43:17,46.16772,-123.91448,0.0,338.9,511.0,PACIFIC FUTURE,IMO7948316,WDC5819,30.0
367046890,2020-01-01T12:44:26,46.1677,-123.91449,0.0,340.2,511.0,PACIFIC FUTURE,IMO7948316,WDC5819,30.0
367046890,2020-01-01T12:45:36,46.16768,-123.91448,0.0,341.8,511.0,PACIFIC FUTURE,IMO7948316,WDC5819,30.0
367046890,2020-01-01T12:46:47,46.16776,-123.91442,0.1,343.7,511.0,PACIFIC FUTURE,IMO7948316,WDC5819,30.0
367046890,2020-01-01T12:48:17,46.16775,-123.91446,0.1,342.1,511.0,PACIFIC FUTURE,IMO7948316,WDC5819,30.0
367046890,2020-01-01T12:49:26,46.16775,-123.91451,0.0,339.3,511.0,PACIFIC FUTURE,IMO7948316,WDC5819,30.0
367046890,2020-01-01T12:51:06,46.16778,-123.91444,0.0,339.3,511.0,PACIFIC FUTURE,IMO7948316,WDC5819,30.0
367046890,2020-01-01T12:52:17,46.16775,-123.91443,0.0,337.4,511.0,PACIFIC FUTURE,IMO7948316,WDC5819,30.0
367046890,2020-01-01T12:55:17,46.16775,-123.91448,0.0,334.8,511.0,PACIFIC FUTURE,IMO7948316,WDC5819,30.0
367046890,2020-01-01T12:57:17,46.16776,-123.91445,0.0,332.6,511.0,PACIFIC FUTURE,IMO7948316,WDC5819,30.0
367046890,2020-01-01T12:59:06,46.16774,-123.91446,0.0,328.0,511.0,PACIFIC FUTURE,IMO7948316,WDC5819,30.0
367046890,2020-01-01T13:00:06,46.16774,-123.91446,0.0,319.7,511.0,PACIFIC FUTURE,IMO7948316,WDC5819,30.0
367046890,2020-01-01T13:01:07,46.16774,-123.91445,0.0,312.8,511.0,PACIFIC FUTURE,IMO7948316,WDC5819,30.0
367046890,2020-01-01T13:02:16,46.16776,-123.91445,0.0,315.0,511.0,PACIFIC FUTURE,IMO7948316,WDC5819,30.0
367046890,2020-01-01T13:03:26,46.16775,-123.91446,0.0,304.0,511.0,PACIFIC FUTURE,IMO7948316,WDC5819,30.0
367046890,2020-01-01T13:04:37,46.16773,-123.91442,0.0,315.0,511.0,PACIFIC FUTURE,IMO7948316,WDC5819,30.0
367046890,2020-01-01T13:05:46,46.16776,-123.91446,0.0,299.7,511.0,PACIFIC FUTURE,IMO7948316,WDC5819,30.0
367046890,2020-01-01T13:06:56,46.16773,-123.91445,0.0,272.9,511.0,PACIFIC FUTURE,IMO7948316,WDC5819,30.0
367046890,2020-01-01T13:07:57,46.16777,-123.91449,0.0,270.5,511.0,PACIFIC FUTURE,IMO7948316,WDC5819,30.0
367046890,2020-01-01T13:09:08,46.16771,-123.91442,0.0,315.0,511.0,PACIFIC FUTURE,IMO7948316,WDC5819,30.0
367046890,2020-01-01T13:10:36,46.16774,-123.91446,0.0,270.8,511.0,PACIFIC FUTURE,IMO7948316,WDC5819,30.0
367046890,2020-01-01T13:11:37,46.16772,-123.91443,0.1,277.4,511.0,PACIFIC FUTURE,IMO7948316,WDC5819,30.0
367046890,2020-01-01T13:13:07,46.16775,-123.91446,0.0,292.2,511.0,PACIFIC FUTURE,IMO7948316,WDC5819,30.0
367046890,2020-01-01T13:14:08,46.16775,-123.91447,0.0,296.6,511.0,PACIFIC FUTURE,IMO7948316,WDC5819,30.0
367046890,2020-01-01T13:15:17,46.16774,-123.91443,0.0,300.0,511.0,PACIFIC FUTURE,IMO7948316,WDC5819,30.0
367046890,2020-01-01T13:17:07,46.16774,-123.91445,0.0,292.2,511.0,PACIFIC FUTURE,IMO7948316,WDC5819,30.0
367046890,2020-01-01T13:18:08,46.16774,-123.91444,0.0,299.1,511.0,PACIFIC FUTURE,IMO7948316,WDC5819,30.0
367046890,2020-01-01T13:19:37,46.16774,-123.91445,0.0,283.3,511.0,PACIFIC FUTURE,IMO7948316,WDC5819,30.0
367046890,2020-01-01T13:20:57,46.16775,-123.91443,0.0,280.6,511.0,PACIFIC FUTURE,IMO7948316,WDC5819,30.0
367046890,2020-01-01T13:21:58,46.16775,-123.91445,0.0,225.0,511.0,PACIFIC FUTURE,IMO7948316,WDC5819,30.0
367046890,2020-01-01T13:23:07,46.16775,-123.91445,0.0,231.9,511.0,PACIFIC FUTURE,IMO7948316,WDC5819,30.0
367046890,2020-01-01T13:24:17,46.16774,-123.91444,0.0,216.5,511.0,PACIFIC FUTURE,IMO7948316,WDC5819,30.0
367046890,2020-01-01T13:25:37,46.16774,-123.91445,0.0,201.2,511.0,PACIFIC FUTURE,IMO7948316,WDC5819,30.0
367046890,2020-01-01T13:26:46,46.16772,-123.91447,0.0,189.4,511.0,PACIFIC FUTURE,IMO7948316,WDC5819,30.0
367046890,2020-01-01T13:28:08,46.16772,-123.91448,0.0,178.1,511.0,PACIFIC FUTURE,IMO7948316,WDC5819,30.0
367046890,2020-01-01T13:29:36,46.16774,-123.91446,0.0,159.4,511.0,PACIFIC FUTURE,IMO7948316,WDC5819,30.0
367046890,2020-01-01T13:30:37,46.16774,-123.91444,0.0,174.4,511.0,PACIFIC FUTURE,IMO7948316,WDC5819,30.0
367046890,2020-01-01T13:32:08,46.16773,-123.91445,0.0,135.0,511.0,PACIFIC FUTURE,IMO7948316,WDC5819,30.0
367046890,2020-01-01T13:34:07,46.16772,-123.91448,0.0,160.6,511.0,PACIFIC FUTURE,IMO7948316,WDC5819,30.0
367046890,2020-01-01T13:36:06,46.16773,-123.91447,0.0,163.9,511.0,PACIFIC FUTURE,IMO7948316,WDC5819,30.0
367046890,2020-01-01T13:37:27,46.16772,-123.91445,0.0,157.7,511.0,PACIFIC FUTURE,IMO7948316,WDC5819,30.0
367046890,2020-01-01T13:40:27,46.16771,-123.91444,0.0,150.2,511.0,PACIFIC FUTURE,IMO7948316,WDC5819,30.0
367046890,2020-01-01T13:41:36,46.16772,-123.91445,0.0,149.3,511.0,PACIFIC FUTURE,IMO7948316,WDC5819,30.0
367046890,2020-01-01T13:43:37,46.16773,-123.91444,0.0,147.4,511.0,PACIFIC FUTURE,IMO7948316,WDC5819,30.0
367046890,2020-01-01T13:45:37,46.16772,-123.91443,0.0,144.5,511.0,PACIFIC FUTURE,IMO7948316,WDC5819,30.0
367046890,2020-01-01T13:47:16,46.16773,-123.91443,0.0,135.9,511.0,PACIFIC FUTURE,IMO7948316,WDC5819,30.0
367046890,2020-01-01T13:48:48,46.16772,-123.91443,0.0,139.1,511.0,PACIFIC FUTURE,IMO7948316,WDC5819,30.0
367046890,2020-01-01T13:50:06,46.16773,-123.91444,0.0,138.0,511.0,PACIFIC FUTURE,IMO7948316,WDC5819,30.0
367046890,2020-01-01T13:51:07,46.16774,-123.91448,0.0,133.5,511.0,PACIFIC FUTURE,IMO7948316,WDC5819,30.0
367046890,2020-01-01T13:52:16,46.16774,-123.91445,0.1,139.6,511.0,PACIFIC FUTURE,IMO7948316,WDC5819,30.0
367046890,2020-01-01T13:55:36,46.16773,-123.9145,0.1,158.8,511.0,PACIFIC FUTURE,IMO7948316,WDC5819,30.0
367046890,2020-01-01T13:57:36,46.16773,-123.91444,0.0,156.2,511.0,PACIFIC FUTURE,IMO7948316,WDC5819,30.0
367046890,2020-01-01T13:58:47,46.16766,-123.91441,0.1,154.7,511.0,PACIFIC FUTURE,IMO7948316,WDC5819,30.0
367046890,2020-01-01T13:59:57,46.1677,-123.91446,0.1,154.4,511.0,PACIFIC FUTURE,IMO7948316,WDC5819,30.0
367046890,2020-01-01T14:00:07,46.16771,-123.91448,0.0,156.0,511.0,PACIFIC FUTURE,IMO7948316,WDC5819,30.0
367046890,2020-01-01T14:01:16,46.16772,-123.91442,0.0,163.6,511.0,PACIFIC FUTURE,IMO7948316,WDC5819,30.0
367046890,2020-01-01T14:02:17,46.16777,-123.91448,0.1,173.4,511.0,PACIFIC FUTURE,IMO7948316,WDC5819,30.0
367046890,2020-01-01T14:03:27,46.16771,-123.91444,0.0,179.5,511.0,PACIFIC FUTURE,IMO7948316,WDC5819,30.0
367046890,2020-01-01T14:04:47,46.16773,-123.91449,0.0,183.0,511.0,PACIFIC FUTURE,IMO7948316,WDC5819,30.0
367046890,2020-01-01T14:05:48,46.16774,-123.9145,0.0,182.5,511.0,PACIFIC FUTURE,IMO7948316,WDC5819,30.0
367046890,2020-01-01T14:06:57,46.16771,-123.91446,0.0,182.1,511.0,PACIFIC FUTURE,IMO7948316,WDC5819,30.0
367046890,2020-01-01T14:08:07,46.16772,-123.91445,0.0,188.5,511.0,PACIFIC FUTURE,IMO7948316,WDC5819,30.0
367046890,2020-01-01T14:09:16,46.16774,-123.91448,0.1,183.1,511.0,PACIFIC FUTURE,IMO7948316,WDC5819,30.0
367046890,2020-01-01T14:10:27,46.1677,-123.91441,0.0,186.9,511.0,PACIFIC FUTURE,IMO7948316,WDC5819,30.0
367046890,2020-01-01T14:11:36,46.1677,-123.91441,0.0,188.2,511.0,PACIFIC FUTURE,IMO7948316,WDC5819,30.0
367046890,2020-01-01T14:12:37,46.16771,-123.91446,0.0,191.4,511.0,PACIFIC FUTURE,IMO7948316,WDC5819,30.0
367046890,2020-01-01T14:13:46,46.16772,-123.91445,0.0,193.9,511.0,PACIFIC FUTURE,IMO7948316,WDC5819,30.0
367046890,2020-01-01T14:14:47,46.16774,-123.91447,0.0,196.8,511.0,PACIFIC FUTURE,IMO7948316,WDC5819,30.0
367046890,2020-01-01T14:16:07,46.16773,-123.91444,0.1,187.9,511.0,PACIFIC FUTURE,IMO7948316,WDC5819,30.0
367046890,2020-01-01T14:17:47,46.16771,-123.91445,0.0,180.2,511.0,PACIFIC FUTURE,IMO7948316,WDC5819,30.0
367046890,2020-01-01T14:19:07,46.16772,-123.91444,0.0,175.3,511.0,PACIFIC FUTURE,IMO7948316,WDC5819,30.0
367046890,2020-01-01T14:20:36,46.16776,-123.9145,0.0,173.4,511.0,PACIFIC FUTURE,IMO7948316,WDC5819,30.0
367046890,2020-01-01T14:22:36,46.16772,-123.91443,0.0,187.8,511.0,PACIFIC FUTURE,IMO7948316,WDC5819,30.0
367046890,2020-01-01T14:24:27,46.16774,-123.91446,0.0,195.0,511.0,PACIFIC FUTURE,IMO7948316,WDC5819,30.0
367046890,2020-01-01T14:25:36,46.16774,-123.91449,0.0,194.5,511.0,PACIFIC FUTURE,IMO7948316,WDC5819,30.0
367046890,2020-01-01T14:27:36,46.16776,-123.91449,0.0,198.5,511.0,PACIFIC FUTURE,IMO7948316,WDC5819,30.0
367046890,2020-01-01T14:28:57,46.16776,-123.91447,0.0,198.9,511.0,PACIFIC FUTURE,IMO7948316,WDC5819,30.0
367046890,2020-01-01T14:30:36,46.16777,-123.91445,0.0,193.9,511.0,PACIFIC FUTURE,IMO7948316,WDC5819,30.0
367046890,2020-01-01T14:32:18,46.16775,-123.91445,0.0,197.1,511.0,PACIFIC FUTURE,IMO7948316,WDC5819,30.0
367046890,2020-01-01T14:33:27,46.16776,-123.91443,0.0,199.5,511.0,PACIFIC FUTURE,IMO7948316,WDC5819,30.0
367046890,2020-01-01T14:34:56,46.16779,-123.91444,0.0,203.4,511.0,PACIFIC FUTURE,IMO7948316,WDC5819,30.0
367046890,2020-01-01T14:36:06,46.16776,-123.91446,0.0,209.1,511.0,PACIFIC FUTURE,IMO7948316,WDC5819,30.0
367046890,2020-01-01T14:37:26,46.16776,-123.91447,0.0,207.5,511.0,PACIFIC FUTURE,IMO7948316,WDC5819,30.0
367046890,2020-01-01T14:38:57,46.16775,-123.91445,0.0,221.1,511.0,PACIFIC FUTURE,IMO7948316,WDC5819,30.0
367046890,2020-01-01T14:40:26,46.16772,-123.91444,0.0,229.4,511.0,PACIFIC FUTURE,IMO7948316,WDC5819,30.0
367046890,2020-01-01T14:41:27,46.16773,-123.91445,0.0,233.6,511.0,PACIFIC FUTURE,IMO7948316,WDC5819,30.0
367046890,2020-01-01T14:42:36,46.16773,-123.91444,0.0,225.0,511.0,PACIFIC FUTURE,IMO7948316,WDC5819,30.0
367046890,2020-01-01T14:44:18,46.16772,-123.91442,0.0,225.0,511.0,PACIFIC FUTURE,IMO7948316,WDC5819,30.0
367046890,2020-01-01T14:45:27,46.16774,-123.91444,0.0,233.6,511.0,PACIFIC FUTURE,IMO7948316,WDC5819,30.0
367046890,2020-01-01T14:46:36,46.16774,-123.91442,0.0,225.0,511.0,PACIFIC FUTURE,IMO7948316,WDC5819,30.0
367046890,2020-01-01T14:49:17,46.16773,-123.91443,0.0,225.0,511.0,PACIFIC FUTURE,IMO7948316,WDC5819,30.0
367046890,2020-01-01T14:50:27,46.16771,-123.91443,0.0,248.6,511.0,PACIFIC FUTURE,IMO7948316,WDC5819,30.0
367046890,2020-01-01T14:53:08,46.16771,-123.91444,0.0,225.0,511.0,PACIFIC FUTURE,IMO7948316,WDC5819,30.0
367046890,2020-01-01T14:55:07,46.16774,-123.91445,0.0,242.9,511.0,PACIFIC FUTURE,IMO7948316,WDC5819,30.0
367046890,2020-01-01T14:57:07,46.16771,-123.91446,0.0,225.0,511.0,PACIFIC FUTURE,IMO7948316,WDC5819,30.0
367046890,2020-01-01T14:58:08,46.1677,-123.91441,0.0,225.0,511.0,PACIFIC FUTURE,IMO7948316,WDC5819,30.0
367046890,2020-01-01T14:59:26,46.16774,-123.91446,0.0,229.0,511.0,PACIFIC FUTURE,IMO7948316,WDC5819,30.0
367046890,2020-01-01T15:00:06,46.16772,-123.91442,0.0,229.4,511.0,PACIFIC FUTURE,IMO7948316,WDC5819,30.0
367046890,2020-01-01T15:01:17,46.16774,-123.91443,0.0,232.9,511.0,PACIFIC FUTURE,IMO7948316,WDC5819,30.0
367046890,2020-01-01T15:02:26,46.16776,-123.91445,0.0,244.7,511.0,PACIFIC FUTURE,IMO7948316,WDC5819,30.0
367046890,2020-01-01T15:03:27,46.16774,-123.91445,0.0,225.0,511.0,PACIFIC FUTURE,IMO7948316,WDC5819,30.0
367046890,2020-01-01T15:04:37,46.16773,-123.91443,0.0,261.9,511.0,PACIFIC FUTURE,IMO7948316,WDC5819,30.0
367046890,2020-01-01T15:05:38,46.16775,-123.91442,0.0,263.6,511.0,PACIFIC FUTURE,IMO7948316,WDC5819,30.0
367046890,2020-01-01T15:06:47,46.16777,-123.91447,0.0,257.8,511.0,PACIFIC FUTURE,IMO7948316,WDC5819,30.0
367046890,2020-01-01T15:07:48,46.16774,-123.91446,0.0,259.1,511.0,PACIFIC FUTURE,IMO7948316,WDC5819,30.0
367046890,2020-01-01T15:08:57,46.16774,-123.91446,0.0,251.6,511.0,PACIFIC FUTURE,IMO7948316,WDC5819,30.0
367046890,2020-01-01T15:10:37,46.16775,-123.91445,0.0,315.0,511.0,PACIFIC FUTURE,IMO7948316,WDC5819,30.0
367046890,2020-01-01T15:11:47,46.16773,-123.91443,0.0,276.8,511.0,PACIFIC FUTURE,IMO7948316,WDC5819,30.0
367046890,2020-01-01T15:13:08,46.16774,-123.91446,0.0,282.5,511.0,PACIFIC FUTURE,IMO7948316,WDC5819,30.0
367046890,2020-01-01T15:14:37,46.16774,-123.91445,0.0,284.3,511.0,PACIFIC FUTURE,IMO7948316,WDC5819,30.0
367046890,2020-01-01T15:16:08,46.16773,-123.91442,0.0,281.2,511.0,PACIFIC FUTURE,IMO7948316,WDC5819,30.0
367046890,2020-01-01T15:17:56,46.16772,-123.91443,0.0,315.0,511.0,PACIFIC FUTURE,IMO7948316,WDC5819,30.0
367046890,2020-01-01T15:19:06,46.16774,-123.91444,0.0,288.1,511.0,PACIFIC FUTURE,IMO7948316,WDC5819,30.0
367046890,2020-01-01T15:20:07,46.16774,-123.91444,0.0,290.9,511.0,PACIFIC FUTURE,IMO7948316,WDC5819,30.0
367046890,2020-01-01T15:21:37,46.16773,-123.91443,0.0,292.3,511.0,PACIFIC FUTURE,IMO7948316,WDC5819,30.0
367046890,2020-01-01T15:23:06,46.16775,-123.91444,0.0,297.0,511.0,PACIFIC FUTURE,IMO7948316,WDC5819,30.0
367046890,2020-01-01T15:24:07,46.16775,-123.91445,0.0,299.9,511.0,PACIFIC FUTURE,IMO7948316,WDC5819,30.0
367046890,2020-01-01T15:26:07,46.16774,-123.91443,0.0,303.3,511.0,PACIFIC FUTURE,IMO7948316,WDC5819,30.0
367046890,2020-01-01T15:27:26,46.1677,-123.91442,0.0,304.2,511.0,PACIFIC FUTURE,IMO7948316,WDC5819,30.0
367046890,2020-01-01T15:29:17,46.16773,-123.91444,0.0,307.4,511.0,PACIFIC FUTURE,IMO7948316,WDC5819,30.0
367046890,2020-01-01T15:31:16,46.16776,-123.91448,0.0,307.2,511.0,PACIFIC FUTURE,IMO7948316,WDC5819,30.0
367046890,2020-01-01T15:32:47,46.16781,-123.91447,0.0,306.8,511.0,PACIFIC FUTURE,IMO7948316,WDC5819,30.0
367046890,2020-01-01T15:34:36,46.16774,-123.91445,0.0,307.1,511.0,PACIFIC FUTURE,IMO7948316,WDC5819,30.0
367046890,2020-01-01T15:36:08,46.16775,-123.91447,0.0,308.7,511.0,PACIFIC FUTURE,IMO7948316,WDC5819,30.0
367046890,2020-01-01T15:37:37,46.16769,-123.91451,0.0,307.1,511.0,PACIFIC FUTURE,IMO7948316,WDC5819,30.0
367046890,2020-01-01T15:39:57,46.16768,-123.91448,0.0,315.0,511.0,PACIFIC FUTURE,IMO7948316,WDC5819,30.0
367046890,2020-01-01T15:41:08,46.1677,-123.91445,0.0,315.5,511.0,PACIFIC FUTURE,IMO7948316,WDC5819,30.0
367046890,2020-01-01T15:42:57,46.16773,-123.91447,0.0,311.6,511.0,PACIFIC FUTURE,IMO7948316,WDC5819,30.0
367046890,2020-01-01T15:45:07,46.16776,-123.91446,0.0,287.1,511.0,PACIFIC FUTURE,IMO7948316,WDC5819,30.0
367046890,2020-01-01T15:47:16,46.16775,-123.91447,0.0,315.0,511.0,PACIFIC FUTURE,IMO7948316,WDC5819,30.0
367046890,2020-01-01T15:49:07,46.16772,-123.91446,0.0,225.0,511.0,PACIFIC FUTURE,IMO7948316,WDC5819,30.0
367046890,2020-01-01T15:50:37,46.16771,-123.91448,0.0,251.8,511.0,PACIFIC FUTURE,IMO7948316,WDC5819,30.0
367046890,2020-01-01T15:52:16,46.16772,-123.91446,0.0,225.0,511.0,PACIFIC FUTURE,IMO7948316,WDC5819,30.0
367046890,2020-01-01T15:53:37,46.16772,-123.91444,0.0,225.0,511.0,PACIFIC FUTURE,IMO7948316,WDC5819,30.0
367046890,2020-01-01T15:56:08,46.16774,-123.91445,0.0,247.7,511.0,PACIFIC FUTURE,IMO7948316,WDC5819,30.0
367046890,2020-01-01T15:57:27,46.16771,-123.91444,0.0,250.0,511.0,PACIFIC FUTURE,IMO7948316,WDC5819,30.0
367046890,2020-01-01T15:58:37,46.16771,-123.91445,0.0,250.7,511.0,PACIFIC FUTURE,IMO7948316,WDC5819,30.0
367046890,2020-01-01T15:59:57,46.16772,-123.91447,0.0,225.0,511.0,PACIFIC FUTURE,IMO7948316,WDC5819,30.0
367046890,2020-01-01T16:00:07,46.16772,-123.91447,0.0,225.0,511.0,PACIFIC FUTURE,IMO7948316,WDC5819,30.0
367046890,2020-01-01T16:01:16,46.16768,-123.91444,0.0,225.0,511.0,PACIFIC FUTURE,IMO7948316,WDC5819,30.0
367046890,2020-01-01T16:02:26,46.16771,-123.91444,0.0,225.0,511.0,PACIFIC FUTURE,IMO7948316,WDC5819,30.0
367046890,2020-01-01T16:03:37,46.1677,-123.91444,0.0,225.0,511.0,PACIFIC FUTURE,IMO7948316,WDC5819,30.0
367046890,2020-01-01T16:04:46,46.16772,-123.91443,0.0,225.0,511.0,PACIFIC FUTURE,IMO7948316,WDC5819,30.0
367046890,2020-01-01T16:06:07,46.16774,-123.91446,0.0,261.0,511.0,PACIFIC FUTURE,IMO7948316,WDC5819,30.0
367046890,2020-01-01T16:07:18,46.16774,-123.91448,0.0,225.0,511.0,PACIFIC FUTURE,IMO7948316,WDC5819,30.0
367046890,2020-01-01T16:08:27,46.16774,-123.9145,0.0,260.5,511.0,PACIFIC FUTURE,IMO7948316,WDC5819,30.0
367046890,2020-01-01T16:09:56,46.16774,-123.91447,0.0,274.1,511.0,PACIFIC FUTURE,IMO7948316,WDC5819,30.0
367046890,2020-01-01T16:10:57,46.16774,-123.91446,0.0,274.6,511.0,PACIFIC FUTURE,IMO7948316,WDC5819,30.0
367046890,2020-01-01T16:12:07,46.16774,-123.91445,0.0,286.7,511.0,PACIFIC FUTURE,IMO7948316,WDC5819,30.0
367046890,2020-01-01T16:13:56,46.16773,-123.91445,0.0,301.5,511.0,PACIFIC FUTURE,IMO7948316,WDC5819,30.0
367046890,2020-01-01T16:15:07,46.16774,-123.91445,0.1,305.8,511.0,PACIFIC FUTURE,IMO7948316,WDC5819,30.0
367046890,2020-01-01T16:16:37,46.16771,-123.91445,0.0,297.2,511.0,PACIFIC FUTURE,IMO7948316,WDC5819,30.0
367046890,2020-01-01T16:18:37,46.16772,-123.91443,0.0,315.0,511.0,PACIFIC FUTURE,IMO7948316,WDC5819,30.0
367046890,2020-01-01T16:19:56,46.16774,-123.91444,0.0,298.6,511.0,PACIFIC FUTURE,IMO7948316,WDC5819,30.0
367046890,2020-01-01T16:21:07,46.16773,-123.91446,0.0,303.5,511.0,PACIFIC FUTURE,IMO7948316,WDC5819,30.0
367046890,2020-01-01T16:22:56,46.16773,-123.91445,0.0,309.9,511.0,PACIFIC FUTURE,IMO7948316,WDC5819,30.0
367046890,2020-01-01T16:24:06,46.16773,-123.91445,0.0,315.0,511.0,PACIFIC FUTURE,IMO7948316,WDC5819,30.0
367046890,2020-01-01T16:25:27,46.16773,-123.91445,0.0,314.8,511.0,PACIFIC FUTURE,IMO7948316,WDC5819,30.0
367046890,2020-01-01T16:27:27,46.16774,-123.91443,0.0,311.9,511.0,PACIFIC FUTURE,IMO7948316,WDC5819,30.0
367046890,2020-01-01T16:29:27,46.16774,-123.91445,0.0,321.1,511.0,PACIFIC FUTURE,IMO7948316,WDC5819,30.0
367046890,2020-01-01T16:31:06,46.16776,-123.91444,0.0,325.7,511.0,PACIFIC FUTURE,IMO7948316,WDC5819,30.0
367046890,2020-01-01T16:33:46,46.16776,-123.91444,0.0,301.6,511.0,PACIFIC FUTURE,IMO7948316,WDC5819,30.0
367046890,2020-01-01T16:35:57,46.16774,-123.91444,0.0,294.0,511.0,PACIFIC FUTURE,IMO7948316,WDC5819,30.0
367046890,2020-01-01T16:37:37,46.1678,-123.91444,0.0,295.9,511.0,PACIFIC FUTURE,IMO7948316,WDC5819,30.0
367046890,2020-01-01T16:39:57,46.16771,-123.91452,0.0,292.0,511.0,PACIFIC FUTURE,IMO7948316,WDC5819,30.0
367046890,2020-01-01T16:41:37,46.16774,-123.9145,0.0,315.0,511.0,PACIFIC FUTURE,IMO7948316,WDC5819,30.0
367046890,2020-01-01T16:42:57,46.16774,-123.91448,0.0,304.5,511.0,PACIFIC FUTURE,IMO7948316,WDC5819,30.0
367046890,2020-01-01T16:44:06,46.1677,-123.91448,0.0,306.2,511.0,PACIFIC FUTURE,IMO7948316,WDC5819,30.0
367046890,2020-01-01T16:46:06,46.1677,-123.91445,0.0,310.8,511.0,PACIFIC FUTURE,IMO7948316,WDC5819,30.0
367046890,2020-01-01T16:47:26,46.16773,-123.91449,0.0,325.0,511.0,PACIFIC FUTURE,IMO7948316,WDC5819,30.0
367046890,2020-01-01T16:48:36,46.16772,-123.91448,0.0,325.2,511.0,PACIFIC FUTURE,IMO7948316,WDC5819,30.0
367046890,2020-01-01T16:50:06,46.16777,-123.91443,0.0,329.6,511.0,PACIFIC FUTURE,IMO7948316,WDC5819,30.0
367046890,2020-01-01T16:51:37,46.16773,-123.91443,0.0,330.6,511.0,PACIFIC FUTURE,IMO7948316,WDC5819,30.0
367046890,2020-01-01T16:53:17,46.16769,-123.91441,0.0,332.0,511.0,PACIFIC FUTURE,IMO7948316,WDC5819,30.0
367046890,2020-01-01T16:54:46,46.16776,-123.91444,0.0,315.0,511.0,PACIFIC FUTURE,IMO7948316,WDC5819,30.0
367046890,2020-01-01T16:56:26,46.16774,-123.91443,0.0,336.2,511.0,PACIFIC FUTURE,IMO7948316,WDC5819,30.0
367046890,2020-01-01T16:58:18,46.16773,-123.91445,0.0,341.2,511.0,PACIFIC FUTURE,IMO7948316,WDC5819,30.0
367046890,2020-01-01T16:59:37,46.16773,-123.91443,0.0,348.5,511.0,PACIFIC FUTURE,IMO7948316,WDC5819,30.0
367046890,2020-01-01T17:00:06,46.16773,-123.91443,0.0,348.4,511.0,PACIFIC FUTURE,IMO7948316,WDC5819,30.0
367046890,2020-01-01T17:01:17,46.16772,-123.91442,0.0,348.6,511.0,PACIFIC FUTURE,IMO7948316,WDC5819,30.0
367046890,2020-01-01T17:02:18,46.16772,-123.91443,0.0,350.0,511.0,PACIFIC FUTURE,IMO7948316,WDC5819,30.0
367046890,2020-01-01T17:03:26,46.16774,-123.91444,0.0,350.8,511.0,PACIFIC FUTURE,IMO7948316,WDC5819,30.0
367046890,2020-01-01T17:04:37,46.16776,-123.91444,0.1,351.2,511.0,PACIFIC FUTURE,IMO7948316,WDC5819,30.0
367046890,2020-01-01T17:05:46,46.16777,-123.91444,0.0,353.2,511.0,PACIFIC FUTURE,IMO7948316,WDC5819,30.0
367046890,2020-01-01T17:06:55,46.16774,-123.91445,0.0,351.3,511.0,PACIFIC FUTURE,IMO7948316,WDC5819,30.0
367046890,2020-01-01T17:08:17,46.16773,-123.91444,0.1,354.4,511.0,PACIFIC FUTURE,IMO7948316,WDC5819,30.0
367046890,2020-01-01T17:09:36,46.16773,-123.91444,0.0,355.3,511.0,PACIFIC FUTURE,IMO7948316,WDC5819,30.0
367046890,2020-01-01T17:10:46,46.16779,-123.91441,0.0,357.5,511.0,PACIFIC FUTURE,IMO7948316,WDC5819,30.0
367046890,2020-01-01T17:12:07,46.16777,-123.91443,0.1,357.7,511.0,PACIFIC FUTURE,IMO7948316,WDC5819,30.0
367046890,2020-01-01T17:13:17,46.16774,-123.91443,0.0,349.6,511.0,PACIFIC FUTURE,IMO7948316,WDC5819,30.0
367046890,2020-01-01T17:14:36,46.16775,-123.91445,0.0,342.7,511.0,PACIFIC FUTURE,IMO7948316,WDC5819,30.0
367046890,2020-01-01T17:15:57,46.16772,-123.91442,0.0,330.9,511.0,PACIFIC FUTURE,IMO7948316,WDC5819,30.0
367046890,2020-01-01T17:16:58,46.16773,-123.91441,0.0,333.1,511.0,PACIFIC FUTURE,IMO7948316,WDC5819,30.0
367046890,2020-01-01T17:18:57,46.16774,-123.91441,0.0,315.0,511.0,PACIFIC FUTURE,IMO7948316,WDC5819,30.0
367046890,2020-01-01T17:20:06,46.16775,-123.91444,0.0,331.9,511.0,PACIFIC FUTURE,IMO7948316,WDC5819,30.0
367046890,2020-01-01T17:21:36,46.16766,-123.91439,0.0,315.0,511.0,PACIFIC FUTURE,IMO7948316,WDC5819,30.0
367046890,2020-01-01T17:22:46,46.16774,-123.91444,0.0,335.6,511.0,PACIFIC FUTURE,IMO7948316,WDC5819,30.0
367046890,2020-01-01T17:24:08,46.16773,-123.91438,0.0,338.7,511.0,PACIFIC FUTURE,IMO7948316,WDC5819,30.0
367046890,2020-01-01T17:25:36,46.16772,-123.91441,0.0,329.0,511.0,PACIFIC FUTURE,IMO7948316,WDC5819,30.0
367046890,2020-01-01T17:26:56,46.16772,-123.9144,0.0,339.0,511.0,PACIFIC FUTURE,IMO7948316,WDC5819,30.0
367046890,2020-01-01T17:29:16,46.16773,-123.91443,0.0,330.3,511.0,PACIFIC FUTURE,IMO7948316,WDC5819,30.0
367046890,2020-01-01T17:31:16,46.16768,-123.91443,0.0,315.0,511.0,PACIFIC FUTURE,IMO7948316,WDC5819,30.0
367046890,2020-01-01T17:32:26,46.16771,-123.91444,0.0,312.7,511.0,PACIFIC FUTURE,IMO7948316,WDC5819,30.0
367046890,2020-01-01T17:34:26,46.16767,-123.91444,0.0,305.3,511.0,PACIFIC FUTURE,IMO7948316,WDC5819,30.0
367046890,2020-01-01T17:36:36,46.16772,-123.91442,0.0,315.0,511.0,PACIFIC FUTURE,IMO7948316,WDC5819,30.0
367046890,2020-01-01T17:37:37,46.1677,-123.91441,0.0,315.0,511.0,PACIFIC FUTURE,IMO7948316,WDC5819,30.0
367046890,2020-01-01T17:39:46,46.16772,-123.91442,0.0,315.0,511.0,PACIFIC FUTURE,IMO7948316,WDC5819,30.0
367046890,2020-01-01T17:41:46,46.16774,-123.91442,0.0,297.8,511.0,PACIFIC FUTURE,IMO7948316,WDC5819,30.0
367046890,2020-01-01T17:43:07,46.16773,-123.91443,0.0,315.0,511.0,PACIFIC FUTURE,IMO7948316,WDC5819,30.0
367046890,2020-01-01T17:45:07,46.16771,-123.91441,0.0,302.4,511.0,PACIFIC FUTURE,IMO7948316,WDC5819,30.0
367046890,2020-01-01T17:48:06,46.16769,-123.91442,0.0,309.5,511.0,PACIFIC FUTURE,IMO7948316,WDC5819,30.0
367046890,2020-01-01T17:49:07,46.1677,-123.91443,0.0,310.4,511.0,PACIFIC FUTURE,IMO7948316,WDC5819,30.0
367046890,2020-01-01T17:50:37,46.16764,-123.91439,0.0,309.6,511.0,PACIFIC FUTURE,IMO7948316,WDC5819,30.0
367046890,2020-01-01T17:52:37,46.1677,-123.91441,0.0,304.9,511.0,PACIFIC FUTURE,IMO7948316,WDC5819,30.0
367046890,2020-01-01T17:53:57,46.16767,-123.91441,0.0,315.0,511.0,PACIFIC FUTURE,IMO7948316,WDC5819,30.0
367046890,2020-01-01T17:55:07,46.1677,-123.9144,0.0,310.3,511.0,PACIFIC FUTURE,IMO7948316,WDC5819,30.0
367046890,2020-01-01T17:57:07,46.16772,-123.91442,0.0,311.1,511.0,PACIFIC FUTURE,IMO7948316,WDC5819,30.0
367046890,2020-01-01T17:58:17,46.16773,-123.91444,0.0,315.0,511.0,PACIFIC FUTURE,IMO7948316,WDC5819,30.0
367046890,2020-01-01T17:59:36,46.16773,-123.91444,0.0,316.6,511.0,PACIFIC FUTURE,IMO7948316,WDC5819,30.0
367046890,2020-01-01T18:00:07,46.16769,-123.9144,0.0,315.0,511.0,PACIFIC FUTURE,IMO7948316,WDC5819,30.0
367046890,2020-01-01T18:01:16,46.16772,-123.91447,0.0,317.8,511.0,PACIFIC FUTURE,IMO7948316,WDC5819,30.0
367046890,2020-01-01T18:02:17,46.16772,-123.91442,0.0,317.5,511.0,PACIFIC FUTURE,IMO7948316,WDC5819,30.0
367046890,2020-01-01T18:03:37,46.16772,-123.91444,0.0,321.8,511.0,PACIFIC FUTURE,IMO7948316,WDC5819,30.0
367046890,2020-01-01T18:04:46,46.1677,-123.91444,0.0,321.8,511.0,PACIFIC FUTURE,IMO7948316,WDC5819,30.0
367046890,2020-01-01T18:05:47,46.16771,-123.91445,0.0,315.0,511.0,PACIFIC FUTURE,IMO7948316,WDC5819,30.0
367046890,2020-01-01T18:07:18,46.16773,-123.91443,0.0,325.8,511.0,PACIFIC FUTURE,IMO7948316,WDC5819,30.0
367046890,2020-01-01T18:08:36,46.16772,-123.91444,0.0,315.0,511.0,PACIFIC FUTURE,IMO7948316,WDC5819,30.0
367046890,2020-01-01T18:09:57,46.1677,-123.91444,0.0,315.0,511.0,PACIFIC FUTURE,IMO7948316,WDC5819,30.0
367046890,2020-01-01T18:11:06,46.16772,-123.91444,0.0,315.0,511.0,PACIFIC FUTURE,IMO7948316,WDC5819,30.0
367046890,2020-01-01T18:12:18,46.16771,-123.91445,0.0,322.4,511.0,PACIFIC FUTURE,IMO7948316,WDC5819,30.0
367046890,2020-01-01T18:13:57,46.16776,-123.91446,0.0,310.6,511.0,PACIFIC FUTURE,IMO7948316,WDC5819,30.0
367046890,2020-01-01T18:15:36,46.16771,-123.91443,0.0,276.0,511.0,PACIFIC FUTURE,IMO7948316,WDC5819,30.0
367046890,2020-01-01T18:17:06,46.16773,-123.91444,0.0,248.7,511.0,PACIFIC FUTURE,IMO7948316,WDC5819,30.0
367046890,2020-01-01T18:18:16,46.16772,-123.91441,0.0,225.0,511.0,PACIFIC FUTURE,IMO7948316,WDC5819,30.0
367046890,2020-01-01T18:19:57,46.16774,-123.91443,0.0,225.0,511.0,PACIFIC FUTURE,IMO7948316,WDC5819,30.0
367046890,2020-01-01T18:21:07,46.16776,-123.91446,0.0,230.2,511.0,PACIFIC FUTURE,IMO7948316,WDC5819,30.0
367046890,2020-01-01T18:23:07,46.16773,-123.91441,0.0,225.0,511.0,PACIFIC FUTURE,IMO7948316,WDC5819,30.0
367046890,2020-01-01T18:24:17,46.16774,-123.91442,0.0,225.0,511.0,PACIFIC FUTURE,IMO7948316,WDC5819,30.0
367046890,2020-01-01T18:25:36,46.16774,-123.91442,0.0,225.0,511.0,PACIFIC FUTURE,IMO7948316,WDC5819,30.0
367046890,2020-01-01T18:27:18,46.16772,-123.91443,0.0,225.0,511.0,PACIFIC FUTURE,IMO7948316,WDC5819,30.0
367046890,2020-01-01T18:28:36,46.16771,-123.91443,0.0,216.3,511.0,PACIFIC FUTURE,IMO7948316,WDC5819,30.0
367046890,2020-01-01T18:30:36,46.1677,-123.91442,0.0,251.7,511.0,PACIFIC FUTURE,IMO7948316,WDC5819,30.0
367046890,2020-01-01T18:31:57,46.16772,-123.91444,0.0,225.0,511.0,PACIFIC FUTURE,IMO7948316,WDC5819,30.0
367046890,2020-01-01T18:33:16,46.16773,-123.91446,0.0,225.0,511.0,PACIFIC FUTURE,IMO7948316,WDC5819,30.0
367046890,2020-01-01T18:34:26,46.16772,-123.91446,0.0,225.0,511.0,PACIFIC FUTURE,IMO7948316,WDC5819,30.0
367046890,2020-01-01T18:36:47,46.16774,-123.91447,0.0,225.0,511.0,PACIFIC FUTURE,IMO7948316,WDC5819,30.0
367046890,2020-01-01T18:37:48,46.16775,-123.91447,0.0,225.0,511.0,PACIFIC FUTURE,IMO7948316,WDC5819,30.0
367046890,2020-01-01T18:39:37,46.16772,-123.91447,0.0,225.0,511.0,PACIFIC FUTURE,IMO7948316,WDC5819,30.0
367046890,2020-01-01T18:41:17,46.16772,-123.91445,0.0,225.0,511.0,PACIFIC FUTURE,IMO7948316,WDC5819,30.0
367046890,2020-01-01T18:42:18,46.16771,-123.91447,0.0,226.4,511.0,PACIFIC FUTURE,IMO7948316,WDC5819,30.0
367046890,2020-01-01T18:44:06,46.16773,-123.91446,0.0,225.0,511.0,PACIFIC FUTURE,IMO7948316,WDC5819,30.0
367046890,2020-01-01T18:45:56,46.16774,-123.91445,0.0,225.0,511.0,PACIFIC FUTURE,IMO7948316,WDC5819,30.0
367046890,2020-01-01T18:47:56,46.16774,-123.91446,0.0,225.0,511.0,PACIFIC FUTURE,IMO7948316,WDC5819,30.0
367046890,2020-01-01T18:49:07,46.16773,-123.91447,0.0,211.6,511.0,PACIFIC FUTURE,IMO7948316,WDC5819,30.0
367046890,2020-01-01T18:50:56,46.16773,-123.91448,0.0,225.0,511.0,PACIFIC FUTURE,IMO7948316,WDC5819,30.0
367046890,2020-01-01T18:53:37,46.16773,-123.9145,0.0,225.0,511.0,PACIFIC FUTURE,IMO7948316,WDC5819,30.0
367046890,2020-01-01T18:56:37,46.16773,-123.91442,0.0,209.1,511.0,PACIFIC FUTURE,IMO7948316,WDC5819,30.0
367046890,2020-01-01T18:58:16,46.1677,-123.91444,0.0,225.0,511.0,PACIFIC FUTURE,IMO7948316,WDC5819,30.0
367046890,2020-01-01T18:59:26,46.16772,-123.91445,0.0,225.0,511.0,PACIFIC FUTURE,IMO7948316,WDC5819,30.0
367046890,2020-01-01T19:00:06,46.16774,-123.91444,0.0,232.0,511.0,PACIFIC FUTURE,IMO7948316,WDC5819,30.0
367046890,2020-01-01T19:01:16,46.16774,-123.91442,0.0,225.0,511.0,PACIFIC FUTURE,IMO7948316,WDC5819,30.0
367046890,2020-01-01T19:02:17,46.16773,-123.91441,0.0,248.7,511.0,PACIFIC FUTURE,IMO7948316,WDC5819,30.0
367046890,2020-01-01T19:03:37,46.16772,-123.91444,0.0,259.8,511.0,PACIFIC FUTURE,IMO7948316,WDC5819,30.0
367046890,2020-01-01T19:04:47,46.16772,-123.91443,0.0,225.0,511.0,PACIFIC FUTURE,IMO7948316,WDC5819,30.0
367046890,2020-01-01T19:05:48,46.16773,-123.91443,0.0,225.0,511.0,PACIFIC FUTURE,IMO7948316,WDC5819,30.0
367046890,2020-01-01T19:06:56,46.16774,-123.91444,0.0,278.9,511.0,PACIFIC FUTURE,IMO7948316,WDC5819,30.0
367046890,2020-01-01T19:08:06,46.16773,-123.91445,0.0,284.2,511.0,PACIFIC FUTURE,IMO7948316,WDC5819,30.0
367046890,2020-01-01T19:09:17,46.16772,-123.91443,0.0,291.7,511.0,PACIFIC FUTURE,IMO7948316,WDC5819,30.0
367046890,2020-01-01T19:10:27,46.16774,-123.91443,0.0,301.0,511.0,PACIFIC FUTURE,IMO7948316,WDC5819,30.0
367046890,2020-01-01T19:11:35,46.16775,-123.91445,0.0,304.7,511.0,PACIFIC FUTURE,IMO7948316,WDC5819,30.0
367046890,2020-01-01T19:12:37,46.16772,-123.91444,0.0,315.0,511.0,PACIFIC FUTURE,IMO7948316,WDC5819,30.0
367046890,2020-01-01T19:14:07,46.16774,-123.91444,0.0,315.0,511.0,PACIFIC FUTURE,IMO7948316,WDC5819,30.0
367046890,2020-01-01T19:15:17,46.16771,-123.91441,0.0,303.5,511.0,PACIFIC FUTURE,IMO7948316,WDC5819,30.0
367046890,2020-01-01T19:16:37,46.16776,-123.91445,0.0,315.0,511.0,PACIFIC FUTURE,IMO7948316,WDC5819,30.0
367046890,2020-01-01T19:18:36,46.16769,-123.91443,0.0,283.5,511.0,PACIFIC FUTURE,IMO7948316,WDC5819,30.0
367046890,2020-01-01T19:19:46,46.16773,-123.91444,0.0,270.2,511.0,PACIFIC FUTURE,IMO7948316,WDC5819,30.0
367046890,2020-01-01T19:21:36,46.16776,-123.91444,0.0,303.7,511.0,PACIFIC FUTURE,IMO7948316,WDC5819,30.0
367046890,2020-01-01T19:22:46,46.16777,-123.91445,0.0,225.0,511.0,PACIFIC FUTURE,IMO7948316,WDC5819,30.0
367046890,2020-01-01T19:24:36,46.16774,-123.91443,0.0,260.6,511.0,PACIFIC FUTURE,IMO7948316,WDC5819,30.0
367046890,2020-01-01T19:25:37,46.16776,-123.91445,0.0,251.6,511.0,PACIFIC FUTURE,IMO7948316,WDC5819,30.0
367046890,2020-01-01T19:26:46,46.1677,-123.91442,0.0,259.2,511.0,PACIFIC FUTURE,IMO7948316,WDC5819,30.0
367046890,2020-01-01T19:29:06,46.1677,-123.91442,0.0,225.0,511.0,PACIFIC FUTURE,IMO7948316,WDC5819,30.0
367046890,2020-01-01T19:30:37,46.16771,-123.91446,0.0,233.1,511.0,PACIFIC FUTURE,IMO7948316,WDC5819,30.0
367046890,2020-01-01T19:31:47,46.1677,-123.91445,0.0,225.0,511.0,PACIFIC FUTURE,IMO7948316,WDC5819,30.0
367046890,2020-01-01T19:33:47,46.1677,-123.91445,0.0,270.6,511.0,PACIFIC FUTURE,IMO7948316,WDC5819,30.0
367046890,2020-01-01T19:35:37,46.16767,-123.91442,0.0,315.0,511.0,PACIFIC FUTURE,IMO7948316,WDC5819,30.0
367046890,2020-01-01T19:36:47,46.16768,-123.91445,0.0,315.0,511.0,PACIFIC FUTURE,IMO7948316,WDC5819,30.0
367046890,2020-01-01T19:38:16,46.16769,-123.9144,0.0,296.6,511.0,PACIFIC FUTURE,IMO7948316,WDC5819,30.0
367046890,2020-01-01T19:39:17,46.1677,-123.91445,0.0,315.0,511.0,PACIFIC FUTURE,IMO7948316,WDC5819,30.0
367046890,2020-01-01T19:41:37,46.16774,-123.91443,0.0,315.0,511.0,PACIFIC FUTURE,IMO7948316,WDC5819,30.0
367046890,2020-01-01T19:44:36,46.16772,-123.91446,0.0,316.0,511.0,PACIFIC FUTURE,IMO7948316,WDC5819,30.0
367046890,2020-01-01T19:46:36,46.16774,-123.91442,0.0,315.0,511.0,PACIFIC FUTURE,IMO7948316,WDC5819,30.0
367046890,2020-01-01T19:47:37,46.16775,-123.91448,0.0,329.0,511.0,PACIFIC FUTURE,IMO7948316,WDC5819,30.0
367046890,2020-01-01T19:48:46,46.16773,-123.91446,0.0,315.0,511.0,PACIFIC FUTURE,IMO7948316,WDC5819,30.0
367046890,2020-01-01T19:52:07,46.16773,-123.91448,0.0,332.5,511.0,PACIFIC FUTURE,IMO7948316,WDC5819,30.0
367046890,2020-01-01T19:53:18,46.16774,-123.91445,0.0,315.0,511.0,PACIFIC FUTURE,IMO7948316,WDC5819,30.0
367046890,2020-01-01T19:54:37,46.16774,-123.91445,0.0,315.0,511.0,PACIFIC FUTURE,IMO7948316,WDC5819,30.0
367046890,2020-01-01T19:56:08,46.16779,-123.91442,0.0,315.0,511.0,PACIFIC FUTURE,IMO7948316,WDC5819,30.0
367046890,2020-01-01T19:58:36,46.16774,-123.91445,0.0,315.0,511.0,PACIFIC FUTURE,IMO7948316,WDC5819,30.0
367046890,2020-01-01T19:59:46,46.16774,-123.91444,0.0,346.0,511.0,PACIFIC FUTURE,IMO7948316,WDC5819,30.0
367046890,2020-01-01T20:00:07,46.16775,-123.91445,0.0,315.0,511.0,PACIFIC FUTURE,IMO7948316,WDC5819,30.0
367046890,2020-01-01T20:01:08,46.16774,-123.91445,0.0,315.0,511.0,PACIFIC FUTURE,IMO7948316,WDC5819,30.0
367046890,2020-01-01T20:02:17,46.16774,-123.91445,0.0,348.3,511.0,PACIFIC FUTURE,IMO7948316,WDC5819,30.0
367046890,2020-01-01T20:03:27,46.16774,-123.91444,0.0,350.6,511.0,PACIFIC FUTURE,IMO7948316,WDC5819,30.0
367046890,2020-01-01T20:04:36,46.16777,-123.91446,0.0,348.4,511.0,PACIFIC FUTURE,IMO7948316,WDC5819,30.0
367046890,2020-01-01T20:05:47,46.16777,-123.91445,0.0,351.9,511.0,PACIFIC FUTURE,IMO7948316,WDC5819,30.0
367046890,2020-01-01T20:06:56,46.16776,-123.91446,0.0,336.8,511.0,PACIFIC FUTURE,IMO7948316,WDC5819,30.0
367046890,2020-01-01T20:08:07,46.16773,-123.91441,0.0,353.8,511.0,PACIFIC FUTURE,IMO7948316,WDC5819,30.0
367046890,2020-01-01T20:09:37,46.16773,-123.91442,0.0,359.2,511.0,PACIFIC FUTURE,IMO7948316,WDC5819,30.0
367046890,2020-01-01T20:10:47,46.16774,-123.91443,0.0,2.7,511.0,PACIFIC FUTURE,IMO7948316,WDC5819,30.0
367046890,2020-01-01T20:11:56,46.16771,-123.9144,0.0,0.4,511.0,PACIFIC FUTURE,IMO7948316,WDC5819,30.0
367046890,2020-01-01T20:13:06,46.16773,-123.91443,0.0,4.0,511.0,PACIFIC FUTURE,IMO7948316,WDC5819,30.0
367046890,2020-01-01T20:14:17,46.16773,-123.91446,0.0,1.4,511.0,PACIFIC FUTURE,IMO7948316,WDC5819,30.0
367046890,2020-01-01T20:16:07,46.16775,-123.91443,0.0,325.1,511.0,PACIFIC FUTURE,IMO7948316,WDC5819,30.0
367046890,2020-01-01T20:17:17,46.16774,-123.91445,0.0,304.9,511.0,PACIFIC FUTURE,IMO7948316,WDC5819,30.0
367046890,2020-01-01T20:19:17,46.16773,-123.91446,0.0,276.2,511.0,PACIFIC FUTURE,IMO7948316,WDC5819,30.0
367046890,2020-01-01T20:20:26,46.16776,-123.91448,0.0,267.5,511.0,PACIFIC FUTURE,IMO7948316,WDC5819,30.0
367046890,2020-01-01T20:21:36,46.16776,-123.91449,0.0,262.7,511.0,PACIFIC FUTURE,IMO7948316,WDC5819,30.0
367046890,2020-01-01T20:23:06,46.16773,-123.9145,0.0,255.1,511.0,PACIFIC FUTURE,IMO7948316,WDC5819,30.0
367046890,2020-01-01T20:24:36,46.16776,-123.9145,0.0,255.3,511.0,PACIFIC FUTURE,IMO7948316,WDC5819,30.0
367046890,2020-01-01T20:25:37,46.16775,-123.91447,0.0,254.5,511.0,PACIFIC FUTURE,IMO7948316,WDC5819,30.0
367046890,2020-01-01T20:27:36,46.16774,-123.91445,0.0,225.0,511.0,PACIFIC FUTURE,IMO7948316,WDC5819,30.0
367046890,2020-01-01T20:29:36,46.1677,-123.91454,0.0,268.1,511.0,PACIFIC FUTURE,IMO7948316,WDC5819,30.0
367046890,2020-01-01T20:31:07,46.1677,-123.91452,0.0,277.2,511.0,PACIFIC FUTURE,IMO7948316,WDC5819,30.0
367046890,2020-01-01T20:32:47,46.16774,-123.91451,0.0,315.0,511.0,PACIFIC FUTURE,IMO7948316,WDC5819,30.0
367046890,2020-01-01T20:34:36,46.16772,-123.91447,0.0,284.5,511.0,PACIFIC FUTURE,IMO7948316,WDC5819,30.0
367046890,2020-01-01T20:35:47,46.16773,-123.91448,0.0,289.7,511.0,PACIFIC FUTURE,IMO7948316,WDC5819,30.0
367046890,2020-01-01T20:37:08,46.1677,-123.91447,0.0,284.4,511.0,PACIFIC FUTURE,IMO7948316,WDC5819,30.0
367046890,2020-01-01T20:38:18,46.16775,-123.91449,0.0,285.7,511.0,PACIFIC FUTURE,IMO7948316,WDC5819,30.0
367046890,2020-01-01T20:39:47,46.16773,-123.91446,0.0,315.0,511.0,PACIFIC FUTURE,IMO7948316,WDC5819,30.0
367046890,2020-01-01T20:41:07,46.16775,-123.91447,0.0,286.2,511.0,PACIFIC FUTURE,IMO7948316,WDC5819,30.0
367046890,2020-01-01T20:42:17,46.16773,-123.91444,0.0,315.0,511.0,PACIFIC FUTURE,IMO7948316,WDC5819,30.0
367046890,2020-01-01T20:44:37,46.16772,-123.91447,0.0,286.1,511.0,PACIFIC FUTURE,IMO7948316,WDC5819,30.0
367046890,2020-01-01T20:46:17,46.1677,-123.91444,0.0,315.0,511.0,PACIFIC FUTURE,IMO7948316,WDC5819,30.0
367046890,2020-01-01T20:48:06,46.16774,-123.91446,0.0,281.7,511.0,PACIFIC FUTURE,IMO7948316,WDC5819,30.0
367046890,2020-01-01T20:49:36,46.16774,-123.91446,0.0,284.6,511.0,PACIFIC FUTURE,IMO7948316,WDC5819,30.0
367046890,2020-01-01T20:51:36,46.16774,-123.91446,0.0,282.5,511.0,PACIFIC FUTURE,IMO7948316,WDC5819,30.0
367046890,2020-01-01T20:52:37,46.16774,-123.91448,0.0,285.3,511.0,PACIFIC FUTURE,IMO7948316,WDC5819,30.0
367046890,2020-01-01T20:54:26,46.16774,-123.91445,0.0,315.0,511.0,PACIFIC FUTURE,IMO7948316,WDC5819,30.0
367046890,2020-01-01T20:57:07,46.16775,-123.91445,0.0,280.7,511.0,PACIFIC FUTURE,IMO7948316,WDC5819,30.0
367046890,2020-01-01T20:59:47,46.16773,-123.91443,0.0,273.8,511.0,PACIFIC FUTURE,IMO7948316,WDC5819,30.0
367046890,2020-01-01T21:00:07,46.16775,-123.91446,0.0,296.6,511.0,PACIFIC FUTURE,IMO7948316,WDC5819,30.0
367046890,2020-01-01T21:01:16,46.16772,-123.91445,0.0,275.0,511.0,PACIFIC FUTURE,IMO7948316,WDC5819,30.0
367046890,2020-01-01T21:02:17,46.16777,-123.9145,0.0,274.8,511.0,PACIFIC FUTURE,IMO7948316,WDC5819,30.0
367046890,2020-01-01T21:03:18,46.16777,-123.9145,0.0,280.3,511.0,PACIFIC FUTURE,IMO7948316,WDC5819,30.0
367046890,2020-01-01T21:04:26,46.16775,-123.91449,0.0,292.7,511.0,PACIFIC FUTURE,IMO7948316,WDC5819,30.0
367046890,2020-01-01T21:05:36,46.16775,-123.91446,0.0,305.5,511.0,PACIFIC FUTURE,IMO7948316,WDC5819,30.0
367046890,2020-01-01T21:07:07,46.16774,-123.91445,0.0,315.0,511.0,PACIFIC FUTURE,IMO7948316,WDC5819,30.0
367046890,2020-01-01T21:08:36,46.16775,-123.91445,0.0,318.1,511.0,PACIFIC FUTURE,IMO7948316,WDC5819,30.0
367046890,2020-01-01T21:09:48,46.16776,-123.91442,0.0,327.3,511.0,PACIFIC FUTURE,IMO7948316,WDC5819,30.0
367046890,2020-01-01T21:10:57,46.16777,-123.91445,0.0,315.0,511.0,PACIFIC FUTURE,IMO7948316,WDC5819,30.0
367046890,2020-01-01T21:12:07,46.1677,-123.91446,0.0,315.0,511.0,PACIFIC FUTURE,IMO7948316,WDC5819,30.0
367046890,2020-01-01T21:13:16,46.16771,-123.91446,0.0,330.3,511.0,PACIFIC FUTURE,IMO7948316,WDC5819,30.0
367046890,2020-01-01T21:14:17,46.1677,-123.91445,0.0,338.7,511.0,PACIFIC FUTURE,IMO7948316,WDC5819,30.0
367046890,2020-01-01T21:15:26,46.16771,-123.91441,0.0,315.0,511.0,PACIFIC FUTURE,IMO7948316,WDC5819,30.0
367046890,2020-01-01T21:16:46,46.16772,-123.91445,0.0,345.2,511.0,PACIFIC FUTURE,IMO7948316,WDC5819,30.0
367046890,2020-01-01T21:18:17,46.16772,-123.91444,0.0,315.0,511.0,PACIFIC FUTURE,IMO7948316,WDC5819,30.0
367046890,2020-01-01T21:19:37,46.16773,-123.91444,0.0,347.7,511.0,PACIFIC FUTURE,IMO7948316,WDC5819,30.0
367046890,2020-01-01T21:20:46,46.16774,-123.91445,0.0,315.0,511.0,PACIFIC FUTURE,IMO7948316,WDC5819,30.0
367046890,2020-01-01T21:21:56,46.16773,-123.91445,0.0,347.0,511.0,PACIFIC FUTURE,IMO7948316,WDC5819,30.0
367046890,2020-01-01T21:23:06,46.16772,-123.91446,0.0,345.4,511.0,PACIFIC FUTURE,IMO7948316,WDC5819,30.0
367046890,2020-01-01T21:25:17,46.16775,-123.91445,0.0,344.7,511.0,PACIFIC FUTURE,IMO7948316,WDC5819,30.0
367046890,2020-01-01T21:26:47,46.16773,-123.91446,0.0,348.0,511.0,PACIFIC FUTURE,IMO7948316,WDC5819,30.0
367046890,2020-01-01T21:28:27,46.1677,-123.91446,0.0,346.0,511.0,PACIFIC FUTURE,IMO7948316,WDC5819,30.0
367046890,2020-01-01T21:29:47,46.16775,-123.91444,0.0,342.6,511.0,PACIFIC FUTURE,IMO7948316,WDC5819,30.0
367046890,2020-01-01T21:30:48,46.16776,-123.91444,0.0,348.7,511.0,PACIFIC FUTURE,IMO7948316,WDC5819,30.0
367046890,2020-01-01T21:31:55,46.16773,-123.91443,0.0,344.3,511.0,PACIFIC FUTURE,IMO7948316,WDC5819,30.0
367046890,2020-01-01T21:32:57,46.1677,-123.91445,0.0,344.3,511.0,PACIFIC FUTURE,IMO7948316,WDC5819,30.0
367046890,2020-01-01T21:34:07,46.16774,-123.91451,0.0,344.7,511.0,PACIFIC FUTURE,IMO7948316,WDC5819,30.0
367046890,2020-01-01T21:35:16,46.16772,-123.91452,0.0,339.8,511.0,PACIFIC FUTURE,IMO7948316,WDC5819,30.0
367046890,2020-01-01T21:37:07,46.16773,-123.91448,0.0,342.1,511.0,PACIFIC FUTURE,IMO7948316,WDC5819,30.0
367046890,2020-01-01T21:39:07,46.16775,-123.91447,0.0,328.9,511.0,PACIFIC FUTURE,IMO7948316,WDC5819,30.0
367046890,2020-01-01T21:41:07,46.16774,-123.91446,0.0,317.6,511.0,PACIFIC FUTURE,IMO7948316,WDC5819,30.0
367046890,2020-01-01T21:43:06,46.16772,-123.91448,0.0,320.6,511.0,PACIFIC FUTURE,IMO7948316,WDC5819,30.0
367046890,2020-01-01T21:44:37,46.16774,-123.91448,0.0,322.1,511.0,PACIFIC FUTURE,IMO7948316,WDC5819,30.0
367046890,2020-01-01T21:46:26,46.16771,-123.91444,0.0,332.7,511.0,PACIFIC FUTURE,IMO7948316,WDC5819,30.0
367046890,2020-01-01T21:47:27,46.16776,-123.91447,0.0,333.2,511.0,PACIFIC FUTURE,IMO7948316,WDC5819,30.0
367046890,2020-01-01T21:49:18,46.16776,-123.91448,0.0,315.0,511.0,PACIFIC FUTURE,IMO7948316,WDC5819,30.0
367046890,2020-01-01T21:50:27,46.16774,-123.91447,0.0,335.4,511.0,PACIFIC FUTURE,IMO7948316,WDC5819,30.0
367046890,2020-01-01T21:52:07,46.1677,-123.91444,0.0,333.4,511.0,PACIFIC FUTURE,IMO7948316,WDC5819,30.0
367046890,2020-01-01T21:53:17,46.16774,-123.91446,0.0,14.8,511.0,PACIFIC FUTURE,IMO7948316,WDC5819,30.0
367046890,2020-01-01T21:54:36,46.16772,-123.91445,0.0,13.6,511.0,PACIFIC FUTURE,IMO7948316,WDC5819,30.0
367046890,2020-01-01T21:55:57,46.1677,-123.91445,0.0,20.6,511.0,PACIFIC FUTURE,IMO7948316,WDC5819,30.0
367046890,2020-01-01T21:57:07,46.16775,-123.91446,0.0,45.0,511.0,PACIFIC FUTURE,IMO7948316,WDC5819,30.0
367046890,2020-01-01T21:59:07,46.16773,-123.91443,0.0,22.5,511.0,PACIFIC FUTURE,IMO7948316,WDC5819,30.0
367046890,2020-01-01T22:00:07,46.16771,-123.91444,0.0,29.1,511.0,PACIFIC FUTURE,IMO7948316,WDC5819,30.0
367046890,2020-01-01T22:01:16,46.16768,-123.91446,0.0,36.1,511.0,PACIFIC FUTURE,IMO7948316,WDC5819,30.0
367046890,2020-01-01T22:02:26,46.1677,-123.91446,0.0,45.0,511.0,PACIFIC FUTURE,IMO7948316,WDC5819,30.0
367046890,2020-01-01T22:03:37,46.16768,-123.91448,0.1,41.4,511.0,PACIFIC FUTURE,IMO7948316,WDC5819,30.0
367046890,2020-01-01T22:04:46,46.16769,-123.91445,0.0,36.1,511.0,PACIFIC FUTURE,IMO7948316,WDC5819,30.0
367046890,2020-01-01T22:05:47,46.1677,-123.91443,0.0,46.7,511.0,PACIFIC FUTURE,IMO7948316,WDC5819,30.0
367046890,2020-01-01T22:07:06,46.16772,-123.91442,0.0,45.0,511.0,PACIFIC FUTURE,IMO7948316,WDC5819,30.0
367046890,2020-01-01T22:08:16,46.16774,-123.91444,0.0,75.1,511.0,PACIFIC FUTURE,IMO7948316,WDC5819,30.0
367046890,2020-01-01T22:09:17,46.16773,-123.91445,0.0,92.5,511.0,PACIFIC FUTURE,IMO7948316,WDC5819,30.0
367046890,2020-01-01T22:10:27,46.16774,-123.91449,0.0,111.8,511.0,PACIFIC FUTURE,IMO7948316,WDC5819,30.0
367046890,2020-01-01T22:11:37,46.16772,-123.91447,0.0,117.8,511.0,PACIFIC FUTURE,IMO7948316,WDC5819,30.0
367046890,2020-01-01T22:12:38,46.16775,-123.91451,0.0,115.4,511.0,PACIFIC FUTURE,IMO7948316,WDC5819,30.0
367046890,2020-01-01T22:14:06,46.16774,-123.91449,0.0,120.8,511.0,PACIFIC FUTURE,IMO7948316,WDC5819,30.0
367046890,2020-01-01T22:15:07,46.16772,-123.91447,0.0,81.8,511.0,PACIFIC FUTURE,IMO7948316,WDC5819,30.0
367046890,2020-01-01T22:16:37,46.16777,-123.9145,0.0,57.4,511.0,PACIFIC FUTURE,IMO7948316,WDC5819,30.0
367046890,2020-01-01T22:18:07,46.16773,-123.91448,0.0,25.3,511.0,PACIFIC FUTURE,IMO7948316,WDC5819,30.0
367046890,2020-01-01T22:19:08,46.16774,-123.9145,0.0,15.6,511.0,PACIFIC FUTURE,IMO7948316,WDC5819,30.0
367046890,2020-01-01T22:20:27,46.16771,-123.91446,0.0,357.2,511.0,PACIFIC FUTURE,IMO7948316,WDC5819,30.0
367046890,2020-01-01T22:21:37,46.16773,-123.91446,0.0,340.0,511.0,PACIFIC FUTURE,IMO7948316,WDC5819,30.0
367046890,2020-01-01T22:23:16,46.16771,-123.91443,0.0,333.2,511.0,PACIFIC FUTURE,IMO7948316,WDC5819,30.0
367046890,2020-01-01T22:24:37,46.16772,-123.91447,0.0,327.3,511.0,PACIFIC FUTURE,IMO7948316,WDC5819,30.0
367046890,2020-01-01T22:26:07,46.16771,-123.91444,0.0,320.9,511.0,PACIFIC FUTURE,IMO7948316,WDC5819,30.0
367046890,2020-01-01T22:27:37,46.16773,-123.91444,0.0,313.9,511.0,PACIFIC FUTURE,IMO7948316,WDC5819,30.0
367046890,2020-01-01T22:28:47,46.16773,-123.91439,0.0,314.4,511.0,PACIFIC FUTURE,IMO7948316,WDC5819,30.0
367046890,2020-01-01T22:30:07,46.16775,-123.91438,0.0,314.1,511.0,PACIFIC FUTURE,IMO7948316,WDC5819,30.0
367046890,2020-01-01T22:31:08,46.16776,-123.91442,0.0,316.6,511.0,PACIFIC FUTURE,IMO7948316,WDC5819,30.0
367046890,2020-01-01T22:33:18,46.16775,-123.91444,0.0,293.5,511.0,PACIFIC FUTURE,IMO7948316,WDC5819,30.0
367046890,2020-01-01T22:35:36,46.16779,-123.91448,0.1,244.4,511.0,PACIFIC FUTURE,IMO7948316,WDC5819,30.0
367046890,2020-01-01T22:36:56,46.16777,-123.91447,0.1,219.8,511.0,PACIFIC FUTURE,IMO7948316,WDC5819,30.0
367046890,2020-01-01T22:38:17,46.16774,-123.91442,0.0,207.1,511.0,PACIFIC FUTURE,IMO7948316,WDC5819,30.0
367046890,2020-01-01T22:39:18,46.16774,-123.91445,0.1,203.9,511.0,PACIFIC FUTURE,IMO7948316,WDC5819,30.0
367046890,2020-01-01T22:41:07,46.16766,-123.91442,0.0,210.5,511.0,PACIFIC FUTURE,IMO7948316,WDC5819,30.0
367046890,2020-01-01T22:42:47,46.16764,-123.91447,0.0,206.5,511.0,PACIFIC FUTURE,IMO7948316,WDC5819,30.0
367046890,2020-01-01T22:44:26,46.16774,-123.91445,0.0,240.0,511.0,PACIFIC FUTURE,IMO7948316,WDC5819,30.0
367046890,2020-01-01T22:45:36,46.16767,-123.91444,0.0,249.8,511.0,PACIFIC FUTURE,IMO7948316,WDC5819,30.0
367046890,2020-01-01T22:47:06,46.16766,-123.91446,0.0,259.2,511.0,PACIFIC FUTURE,IMO7948316,WDC5819,30.0
367046890,2020-01-01T22:48:47,46.16769,-123.91446,0.0,251.6,511.0,PACIFIC FUTURE,IMO7948316,WDC5819,30.0
367046890,2020-01-01T22:51:06,46.16772,-123.91444,0.0,235.4,511.0,PACIFIC FUTURE,IMO7948316,WDC5819,30.0
367046890,2020-01-01T22:52:27,46.16771,-123.91444,0.0,235.6,511.0,PACIFIC FUTURE,IMO7948316,WDC5819,30.0
367046890,2020-01-01T22:54:17,46.1677,-123.91445,0.0,227.6,511.0,PACIFIC FUTURE,IMO7948316,WDC5819,30.0
367046890,2020-01-01T22:56:18,46.16774,-123.91444,0.0,227.9,511.0,PACIFIC FUTURE,IMO7948316,WDC5819,30.0
367046890,2020-01-01T22:58:18,46.16774,-123.91445,0.0,233.9,511.0,PACIFIC FUTURE,IMO7948316,WDC5819,30.0
367046890,2020-01-01T22:59:27,46.16775,-123.91445,0.0,230.3,511.0,PACIFIC FUTURE,IMO7948316,WDC5819,30.0
367046890,2020-01-01T23:00:07,46.16777,-123.91444,0.0,232.2,511.0,PACIFIC FUTURE,IMO7948316,WDC5819,30.0
367046890,2020-01-01T23:01:17,46.16781,-123.91439,0.0,230.4,511.0,PACIFIC FUTURE,IMO7948316,WDC5819,30.0
367046890,2020-01-01T23:02:27,46.16781,-123.91442,0.0,231.2,511.0,PACIFIC FUTURE,IMO7948316,WDC5819,30.0
367046890,2020-01-01T23:03:37,46.16774,-123.91449,0.0,231.3,511.0,PACIFIC FUTURE,IMO7948316,WDC5819,30.0
367046890,2020-01-01T23:04:38,46.16771,-123.91451,0.0,239.3,511.0,PACIFIC FUTURE,IMO7948316,WDC5819,30.0
367046890,2020-01-01T23:05:46,46.16773,-123.91448,0.0,251.3,511.0,PACIFIC FUTURE,IMO7948316,WDC5819,30.0
367046890,2020-01-01T23:06:56,46.16773,-123.91446,0.0,248.8,511.0,PACIFIC FUTURE,IMO7948316,WDC5819,30.0
367046890,2020-01-01T23:08:17,46.16775,-123.91446,0.1,240.9,511.0,PACIFIC FUTURE,IMO7948316,WDC5819,30.0
367046890,2020-01-01T23:09:18,46.16775,-123.91446,0.0,235.7,511.0,PACIFIC FUTURE,IMO7948316,WDC5819,30.0
367046890,2020-01-01T23:10:27,46.16775,-123.91444,0.0,228.8,511.0,PACIFIC FUTURE,IMO7948316,WDC5819,30.0
367046890,2020-01-01T23:12:07,46.16773,-123.91444,0.0,232.1,511.0,PACIFIC FUTURE,IMO7948316,WDC5819,30.0
367046890,2020-01-01T23:13:17,46.16772,-123.91442,0.0,232.0,511.0,PACIFIC FUTURE,IMO7948316,WDC5819,30.0
367046890,2020-01-01T23:15:08,46.16775,-123.91447,0.0,227.5,511.0,PACIFIC FUTURE,IMO7948316,WDC5819,30.0
367046890,2020-01-01T23:16:16,46.16774,-123.91445,0.0,226.1,511.0,PACIFIC FUTURE,IMO7948316,WDC5819,30.0
367046890,2020-01-01T23:17:37,46.16774,-123.91448,0.0,231.1,511.0,PACIFIC FUTURE,IMO7948316,WDC5819,30.0
367046890,2020-01-01T23:18:46,46.16774,-123.91449,0.0,232.2,511.0,PACIFIC FUTURE,IMO7948316,WDC5819,30.0
367046890,2020-01-01T23:19:47,46.16773,-123.91446,0.0,234.0,511.0,PACIFIC FUTURE,IMO7948316,WDC5819,30.0
367046890,2020-01-01T23:21:07,46.16774,-123.91447,0.0,231.6,511.0,PACIFIC FUTURE,IMO7948316,WDC5819,30.0
367046890,2020-01-01T23:22:18,46.16772,-123.91442,0.0,240.7,511.0,PACIFIC FUTURE,IMO7948316,WDC5819,30.0
367046890,2020-01-01T23:24:18,46.16771,-123.91442,0.0,231.1,511.0,PACIFIC FUTURE,IMO7948316,WDC5819,30.0
367046890,2020-01-01T23:25:26,46.16772,-123.91445,0.0,236.8,511.0,PACIFIC FUTURE,IMO7948316,WDC5819,30.0
367046890,2020-01-01T23:27:18,46.16771,-123.91443,0.0,230.7,511.0,PACIFIC FUTURE,IMO7948316,WDC5819,30.0
367046890,2020-01-01T23:29:07,46.16771,-123.91442,0.0,225.0,511.0,PACIFIC FUTURE,IMO7948316,WDC5819,30.0
367046890,2020-01-01T23:30:37,46.16772,-123.91443,0.0,229.3,511.0,PACIFIC FUTURE,IMO7948316,WDC5819,30.0
367046890,2020-01-01T23:32:37,46.1677,-123.91436,0.0,225.5,511.0,PACIFIC FUTURE,IMO7948316,WDC5819,30.0
367046890,2020-01-01T23:33:46,46.16772,-123.91441,0.0,228.8,511.0,PACIFIC FUTURE,IMO7948316,WDC5819,30.0
367046890,2020-01-01T23:34:56,46.16773,-123.91442,0.0,231.6,511.0,PACIFIC FUTURE,IMO7948316,WDC5819,30.0
367046890,2020-01-01T23:36:46,46.16774,-123.91444,0.0,227.8,511.0,PACIFIC FUTURE,IMO7948316,WDC5819,30.0
367046890,2020-01-01T23:37:56,46.16774,-123.91445,0.0,230.8,511.0,PACIFIC FUTURE,IMO7948316,WDC5819,30.0
367046890,2020-01-01T23:39:47,46.16774,-123.91446,0.0,230.2,511.0,PACIFIC FUTURE,IMO7948316,WDC5819,30.0
367046890,2020-01-01T23:40:48,46.16774,-123.91445,0.0,233.7,511.0,PACIFIC FUTURE,IMO7948316,WDC5819,30.0
367046890,2020-01-01T23:43:16,46.16777,-123.91441,0.0,225.0,511.0,PACIFIC FUTURE,IMO7948316,WDC5819,30.0
367046890,2020-01-01T23:44:17,46.16772,-123.9144,0.0,256.3,511.0,PACIFIC FUTURE,IMO7948316,WDC5819,30.0
367046890,2020-01-01T23:45:46,46.16776,-123.91442,0.0,251.6,511.0,PACIFIC FUTURE,IMO7948316,WDC5819,30.0
367046890,2020-01-01T23:47:06,46.16775,-123.91441,0.0,239.0,511.0,PACIFIC FUTURE,IMO7948316,WDC5819,30.0
367046890,2020-01-01T23:49:26,46.16775,-123.91444,0.0,279.8,511.0,PACIFIC FUTURE,IMO7948316,WDC5819,30.0
367046890,2020-01-01T23:50:46,46.16774,-123.91444,0.0,285.9,511.0,PACIFIC FUTURE,IMO7948316,WDC5819,30.0
367046890,2020-01-01T23:52:46,46.16776,-123.91449,0.0,288.6,511.0,PACIFIC FUTURE,IMO7948316,WDC5819,30.0
367046890,2020-01-01T23:54:57,46.16774,-123.91445,0.0,289.3,511.0,PACIFIC FUTURE,IMO7948316,WDC5819,30.0
367046890,2020-01-01T23:56:57,46.16775,-123.91444,0.0,294.6,511.0,PACIFIC FUTURE,IMO7948316,WDC5819,30.0
367046890,2020-01-01T23:58:37,46.16775,-123.91442,0.0,294.9,511.0,PACIFIC FUTURE,IMO7948316,WDC5819,30.0
367046890,2020-01-01T23:59:57,46.16773,-123.91444,0.0,298.4,511.0,PACIFIC FUTURE,IMO7948316,WDC5819,30.0
