MMSI,BaseDateTime,LAT,LON,SOG,COG,Heading,VesselName,IMO,CallSign,VesselType
367108410,2020-01-01T00:01:27,56.81115,-132.96416,0.0,318.7,511.0,ST LAZARIA,,WDI8000,30.0
367108410,2020-01-01T00:04:27,56.81117,-132.96415,0.0,318.7,511.0,ST LAZARIA,,WDI8000,30.0
367108410,2020-01-01T00:07:28,56.81114,-132.96416,0.0,318.7,511.0,ST LAZARIA,,WDI8000,30.0
367108410,2020-01-01T00:10:27,56.81116,-132.96416,0.0,318.7,511.0,ST LAZARIA,,WDI8000,30.0
367108410,2020-01-01T00:13:28,56.81116,-132.96419,0.0,318.7,511.0,ST LAZARIA,,WDI8000,30.0
367108410,2020-01-01T00:16:28,56.81117,-132.96416,0.0,318.7,511.0,ST LAZARIA,,WDI8000,30.0
367108410,2020-01-01T00:19:27,56.81118,-132.96416,0.0,318.7,511.0,ST LAZARIA,,WDI8000,30.0
367108410,2020-01-01T00:22:28,56.81118,-132.96419,0.0,318.7,511.0,ST LAZARIA,,WDI8000,30.0
367108410,2020-01-01T00:25:27,56.81115,-132.96411,0.0,318.7,511.0,ST LAZARIA,,WDI8000,30.0
367108410,2020-01-01T00:28:29,56.81117,-132.96415,0.0,318.7,511.0,ST LAZARIA,,WDI8000,30.0
367108410,2020-01-01T00:31:27,56.81115,-132.96413,0.0,318.7,511.0,ST LAZARIA,,WDI8000,30.0
367108410,2020-01-01T00:34:27,56.81113,-132.96411,0.0,318.7,511.0,ST LAZARIA,,WDI8000,30.0
367108410,2020-01-01T00:37:27,56.81113,-132.96413,0.0,318.7,511.0,ST LAZARIA,,WDI8000,30.0
367108410,2020-01-01T00:40:28,56.81113,-132.96409,0.0,318.7,511.0,ST LAZARIA,,WDI8000,30.0
367108410,2020-01-01T00:43:28,56.81117,-132.96415,0.0,318.7,511.0,ST LAZARIA,,WDI8000,30.0
367108410,2020-01-01T00:46:29,56.81117,-132.96416,0.0,318.7,511.0,ST LAZARIA,,WDI8000,30.0
367108410,2020-01-01T00:49:29,56.81114,-132.96411,0.0,318.7,511.0,ST LAZARIA,,WDI8000,30.0
367108410,2020-01-01T00:52:28,56.81116,-132.96415,0.0,318.7,511.0,ST LAZARIA,,WDI8000,30.0
367108410,2020-01-01T00:55:28,56.81115,-132.96415,0.0,318.7,511.0,ST LAZARIA,,WDI8000,30.0
367108410,2020-01-01T00:58:28,56.81116,-132.96415,0.0,318.7,511.0,ST LAZARIA,,WDI8000,30.0
367108410,2020-01-01T01:01:28,56.81115,-132.96411,0.0,318.7,511.0,ST LAZARIA,,WDI8000,30.0
367108410,2020-01-01T01:04:28,56.81113,-132.96416,0.0,318.7,511.0,ST LAZARIA,,WDI8000,30.0
367108410,2020-01-01T01:07:28,56.81117,-132.96416,0.0,318.7,511.0,ST LAZARIA,,WDI8000,30.0
367108410,2020-01-01T01:10:27,56.81114,-132.96415,0.0,318.7,511.0,ST LAZARIA,,WDI8000,30.0
367108410,2020-01-01T01:13:27,56.81116,-132.96416,0.0,318.7,511.0,ST LAZARIA,,WDI8000,30.0
367108410,2020-01-01T01:16:27,56.81116,-132.96411,0.0,318.7,511.0,ST LAZARIA,,WDI8000,30.0
367108410,2020-01-01T01:19:29,56.81115,-132.96413,0.0,318.7,511.0,ST LAZARIA,,WDI8000,30.0
367108410,2020-01-01T01:22:28,56.81116,-132.96413,0.0,318.7,511.0,ST LAZARIA,,WDI8000,30.0
367108410,2020-01-01T01:25:28,56.81113,-132.96415,0.0,318.7,511.0,ST LAZARIA,,WDI8000,30.0
367108410,2020-01-01T01:28:28,56.81116,-132.96415,0.0,318.7,511.0,ST LAZARIA,,WDI8000,30.0
367108410,2020-01-01T01:31:30,56.81113,-132.96411,0.0,318.7,511.0,ST LAZARIA,,WDI8000,30.0
367108410,2020-01-01T01:34:27,56.81117,-132.96416,0.0,318.7,511.0,ST LAZARIA,,WDI8000,30.0
367108410,2020-01-01T01:37:28,56.81117,-132.96417,0.0,318.7,511.0,ST LAZARIA,,WDI8000,30.0
367108410,2020-01-01T01:40:27,56.81117,-132.96417,0.0,318.7,511.0,ST LAZARIA,,WDI8000,30.0
367108410,2020-01-01T01:43:27,56.81113,-132.96415,0.0,318.7,511.0,ST LAZARIA,,WDI8000,30.0
367108410,2020-01-01T01:46:28,56.81111,-132.96413,0.0,318.7,511.0,ST LAZARIA,,WDI8000,30.0
367108410,2020-01-01T01:49:29,56.81118,-132.96411,0.0,318.7,511.0,ST LAZARIA,,WDI8000,30.0
367108410,2020-01-01T01:55:28,56.81117,-132.96413,0.0,318.7,511.0,ST LAZARIA,,WDI8000,30.0
367108410,2020-01-01T01:58:29,56.81117,-132.96409,0.0,318.7,511.0,ST LAZARIA,,WDI8000,30.0
367108410,2020-01-01T02:01:28,56.81117,-132.96409,0.0,318.7,511.0,ST LAZARIA,,WDI8000,30.0
367108410,2020-01-01T02:04:28,56.81115,-132.96411,0.0,318.7,511.0,ST LAZARIA,,WDI8000,30.0
367108410,2020-01-01T02:07:30,56.81116,-132.96411,0.0,318.7,511.0,ST LAZARIA,,WDI8000,30.0
367108410,2020-01-01T02:10:28,56.81117,-132.96416,0.0,318.7,511.0,ST LAZARIA,,WDI8000,30.0
367108410,2020-01-01T02:13:28,56.81116,-132.96415,0.0,318.7,511.0,ST LAZARIA,,WDI8000,30.0
367108410,2020-01-01T02:16:29,56.81116,-132.96417,0.0,318.7,511.0,ST LAZARIA,,WDI8000,30.0
367108410,2020-01-01T02:19:28,56.81115,-132.96417,0.0,318.7,511.0,ST LAZARIA,,WDI8000,30.0
367108410,2020-01-01T02:22:28,56.81115,-132.96413,0.0,318.7,511.0,ST LAZARIA,,WDI8000,30.0
367108410,2020-01-01T02:25:28,56.81118,-132.96416,0.0,318.7,511.0,ST LAZARIA,,WDI8000,30.0
367108410,2020-01-01T02:28:28,56.81115,-132.96415,0.0,318.7,511.0,ST LAZARIA,,WDI8000,30.0
367108410,2020-01-01T02:31:28,56.81116,-132.96415,0.0,318.7,511.0,ST LAZARIA,,WDI8000,30.0
367108410,2020-01-01T02:34:27,56.81118,-132.96415,0.0,318.7,511.0,ST LAZARIA,,WDI8000,30.0
367108410,2020-01-01T02:40:28,56.81116,-132.96415,0.0,318.7,511.0,ST LAZARIA,,WDI8000,30.0
367108410,2020-01-01T02:43:28,56.81116,-132.96415,0.0,318.7,511.0,ST LAZARIA,,WDI8000,30.0
367108410,2020-01-01T02:46:28,56.81117,-132.96415,0.0,318.7,511.0,ST LAZARIA,,WDI8000,30.0
367108410,2020-01-01T02:49:28,56.81118,-132.96413,0.0,318.7,511.0,ST LAZARIA,,WDI8000,30.0
367108410,2020-01-01T02:52:27,56.81117,-132.96413,0.0,318.7,511.0,ST LAZARIA,,WDI8000,30.0
367108410,2020-01-01T02:55:27,56.81117,-132.96415,0.0,318.7,511.0,ST LAZARIA,,WDI8000,30.0
367108410,2020-01-01T02:58:28,56.81116,-132.96415,0.0,318.7,511.0,ST LAZARIA,,WDI8000,30.0
367108410,2020-01-01T03:01:28,56.81117,-132.96413,0.0,318.7,511.0,ST LAZARIA,,WDI8000,30.0
367108410,2020-01-01T03:04:29,56.81116,-132.96411,0.0,318.7,511.0,ST LAZARIA,,WDI8000,30.0
367108410,2020-01-01T03:07:29,56.81118,-132.96415,0.0,318.7,511.0,ST LAZARIA,,WDI8000,30.0
367108410,2020-01-01T03:10:30,56.81117,-132.96413,0.0,318.7,511.0,ST LAZARIA,,WDI8000,30.0
367108410,2020-01-01T03:13:28,56.81116,-132.96411,0.0,318.7,511.0,ST LAZARIA,,WDI8000,30.0
367108410,2020-01-01T03:16:28,56.81116,-132.96415,0.0,318.7,511.0,ST LAZARIA,,WDI8000,30.0
367108410,2020-01-01T03:19:28,56.81117,-132.96413,0.0,318.7,511.0,ST LAZARIA,,WDI8000,30.0
367108410,2020-01-01T03:22:28,56.81115,-132.96409,0.0,318.7,511.0,ST LAZARIA,,WDI8000,30.0
367108410,2020-01-01T03:25:30,56.81117,-132.96413,0.0,318.7,511.0,ST LAZARIA,,WDI8000,30.0
367108410,2020-01-01T03:28:28,56.81114,-132.96415,0.0,318.7,511.0,ST LAZARIA,,WDI8000,30.0
367108410,2020-01-01T03:31:27,56.81116,-132.96413,0.0,318.7,511.0,ST LAZARIA,,WDI8000,30.0
367108410,2020-01-01T03:34:28,56.81115,-132.96411,0.0,318.7,511.0,ST LAZARIA,,WDI8000,30.0
367108410,2020-01-01T03:37:29,56.81118,-132.96416,0.0,318.7,511.0,ST LAZARIA,,WDI8000,30.0
367108410,2020-01-01T03:40:29,56.81117,-132.96413,0.0,318.7,511.0,ST LAZARIA,,WDI8000,30.0
367108410,2020-01-01T03:43:28,56.81115,-132.96413,0.0,318.7,511.0,ST LAZARIA,,WDI8000,30.0
367108410,2020-01-01T03:46:28,56.81117,-132.96415,0.0,318.7,511.0,ST LAZARIA,,WDI8000,30.0
367108410,2020-01-01T03:49:28,56.81116,-132.96413,0.0,318.7,511.0,ST LAZARIA,,WDI8000,30.0
367108410,2020-01-01T03:52:28,56.81114,-132.96411,0.0,318.7,511.0,ST LAZARIA,,WDI8000,30.0
367108410,2020-01-01T03:55:28,56.81116,-132.96416,0.0,318.7,511.0,ST LAZARIA,,WDI8000,30.0
367108410,2020-01-01T03:58:30,56.81116,-132.96411,0.0,318.7,511.0,ST LAZARIA,,WDI8000,30.0
367108410,2020-01-01T04:01:27,56.81115,-132.96417,0.0,318.7,511.0,ST LAZARIA,,WDI8000,30.0
367108410,2020-01-01T04:04:28,56.81117,-132.96413,0.0,318.7,511.0,ST LAZARIA,,WDI8000,30.0
367108410,2020-01-01T04:07:28,56.81114,-132.96413,0.0,318.7,511.0,ST LAZARIA,,WDI8000,30.0
367108410,2020-01-01T04:10:30,56.81117,-132.96413,0.0,318.7,511.0,ST LAZARIA,,WDI8000,30.0
367108410,2020-01-01T04:13:28,56.81114,-132.96409,0.0,318.7,511.0,ST LAZARIA,,WDI8000,30.0
367108410,2020-01-01T04:16:28,56.81116,-132.96413,0.0,318.7,511.0,ST LAZARIA,,WDI8000,30.0
367108410,2020-01-01T04:19:29,56.81117,-132.96413,0.0,318.7,511.0,ST LAZARIA,,WDI8000,30.0
367108410,2020-01-01T04:25:29,56.81114,-132.96415,0.0,318.7,511.0,ST LAZARIA,,WDI8000,30.0
367108410,2020-01-01T04:28:28,56.81117,-132.96411,0.0,318.7,511.0,ST LAZARIA,,WDI8000,30.0
367108410,2020-01-01T04:31:29,56.81115,-132.96415,0.0,318.7,511.0,ST LAZARIA,,WDI8000,30.0
367108410,2020-01-01T04:34:30,56.81115,-132.96413,0.0,318.7,511.0,ST LAZARIA,,WDI8000,30.0
367108410,2020-01-01T04:37:29,56.81116,-132.96415,0.0,318.7,511.0,ST LAZARIA,,WDI8000,30.0
367108410,2020-01-01T04:40:29,56.81117,-132.96413,0.0,318.7,511.0,ST LAZARIA,,WDI8000,30.0
367108410,2020-01-01T04:43:29,56.81119,-132.96415,0.0,318.7,511.0,ST LAZARIA,,WDI8000,30.0
367108410,2020-01-01T04:46:30,56.81115,-132.96413,0.0,318.7,511.0,ST LAZARIA,,WDI8000,30.0
367108410,2020-01-01T04:49:28,56.81117,-132.96413,0.0,318.7,511.0,ST LAZARIA,,WDI8000,30.0
367108410,2020-01-01T04:52:31,56.81116,-132.96413,0.0,318.7,511.0,ST LAZARIA,,WDI8000,30.0
367108410,2020-01-01T04:55:28,56.81116,-132.96413,0.0,318.7,511.0,ST LAZARIA,,WDI8000,30.0
367108410,2020-01-01T04:58:28,56.81117,-132.96415,0.0,318.7,511.0,ST LAZARIA,,WDI8000,30.0
367108410,2020-01-01T05:01:30,56.81117,-132.96416,0.0,318.7,511.0,ST LAZARIA,,WDI8000,30.0
367108410,2020-01-01T05:04:29,56.81117,-132.96413,0.0,318.7,511.0,ST LAZARIA,,WDI8000,30.0
367108410,2020-01-01T05:07:29,56.81117,-132.96413,0.0,318.7,511.0,ST LAZARIA,,WDI8000,30.0
367108410,2020-01-01T05:10:28,56.81116,-132.96413,0.0,318.7,511.0,ST LAZARIA,,WDI8000,30.0
367108410,2020-01-01T05:13:29,56.81116,-132.96413,0.0,318.7,511.0,ST LAZARIA,,WDI8000,30.0
367108410,2020-01-01T05:16:30,56.81117,-132.96413,0.0,318.7,511.0,ST LAZARIA,,WDI8000,30.0
367108410,2020-01-01T05:19:29,56.81117,-132.96411,0.0,318.7,511.0,ST LAZARIA,,WDI8000,30.0
367108410,2020-01-01T05:22:29,56.81117,-132.96413,0.0,318.7,511.0,ST LAZARIA,,WDI8000,30.0
367108410,2020-01-01T05:25:29,56.81117,-132.96411,0.0,318.7,511.0,ST LAZARIA,,WDI8000,30.0
367108410,2020-01-01T05:28:29,56.81115,-132.96415,0.0,318.7,511.0,ST LAZARIA,,WDI8000,30.0
367108410,2020-01-01T05:31:28,56.81116,-132.96416,0.0,318.7,511.0,ST LAZARIA,,WDI8000,30.0
367108410,2020-01-01T05:34:29,56.81117,-132.96413,0.0,318.7,511.0,ST LAZARIA,,WDI8000,30.0
367108410,2020-01-01T05:37:28,56.81117,-132.96416,0.0,318.7,511.0,ST LAZARIA,,WDI8000,30.0
367108410,2020-01-01T05:40:28,56.81117,-132.96413,0.0,318.7,511.0,ST LAZARIA,,WDI8000,30.0
367108410,2020-01-01T05:43:28,56.81117,-132.96416,0.0,318.7,511.0,ST LAZARIA,,WDI8000,30.0
367108410,2020-01-01T05:46:28,56.81117,-132.96415,0.0,318.7,511.0,ST LAZARIA,,WDI8000,30.0
367108410,2020-01-01T05:49:29,56.81117,-132.96413,0.0,318.7,511.0,ST LAZARIA,,WDI8000,30.0
367108410,2020-01-01T05:52:30,56.81117,-132.96415,0.0,318.7,511.0,ST LAZARIA,,WDI8000,30.0
367108410,2020-01-01T05:55:32,56.81118,-132.96417,0.0,318.7,511.0,ST LAZARIA,,WDI8000,30.0
367108410,2020-01-01T05:58:28,56.81115,-132.96413,0.0,318.7,511.0,ST LAZARIA,,WDI8000,30.0
367108410,2020-01-01T06:01:29,56.81116,-132.96416,0.0,318.7,511.0,ST LAZARIA,,WDI8000,30.0
367108410,2020-01-01T06:04:28,56.81116,-132.96413,0.0,318.7,511.0,ST LAZARIA,,WDI8000,30.0
367108410,2020-01-01T06:07:29,56.81117,-132.96411,0.0,318.7,511.0,ST LAZARIA,,WDI8000,30.0
367108410,2020-01-01T06:10:29,56.81116,-132.96415,0.0,318.7,511.0,ST LAZARIA,,WDI8000,30.0
367108410,2020-01-01T06:13:31,56.81117,-132.96413,0.0,318.7,511.0,ST LAZARIA,,WDI8000,30.0
367108410,2020-01-01T06:16:30,56.81117,-132.96413,0.0,318.7,511.0,ST LAZARIA,,WDI8000,30.0
367108410,2020-01-01T06:19:30,56.81117,-132.96417,0.0,318.7,511.0,ST LAZARIA,,WDI8000,30.0
367108410,2020-01-01T06:22:28,56.81114,-132.96417,0.0,318.7,511.0,ST LAZARIA,,WDI8000,30.0
367108410,2020-01-01T06:25:29,56.81117,-132.96415,0.0,318.7,511.0,ST LAZARIA,,WDI8000,30.0
367108410,2020-01-01T06:28:29,56.81117,-132.96415,0.0,318.7,511.0,ST LAZARIA,,WDI8000,30.0
367108410,2020-01-01T06:31:30,56.81116,-132.96415,0.0,318.7,511.0,ST LAZARIA,,WDI8000,30.0
367108410,2020-01-01T06:34:28,56.81114,-132.96416,0.0,318.7,511.0,ST LAZARIA,,WDI8000,30.0
367108410,2020-01-01T06:37:29,56.81117,-132.96411,0.0,318.7,511.0,ST LAZARIA,,WDI8000,30.0
367108410,2020-01-01T06:40:28,56.81116,-132.96415,0.0,318.7,511.0,ST LAZARIA,,WDI8000,30.0
367108410,2020-01-01T06:43:29,56.81117,-132.96413,0.0,318.7,511.0,ST LAZARIA,,WDI8000,30.0
367108410,2020-01-01T06:46:29,56.81117,-132.96415,0.0,318.7,511.0,ST LAZARIA,,WDI8000,30.0
367108410,2020-01-01T06:49:32,56.81119,-132.96413,0.0,318.7,511.0,ST LAZARIA,,WDI8000,30.0
367108410,2020-01-01T06:52:31,56.81118,-132.96416,0.0,318.7,511.0,ST LAZARIA,,WDI8000,30.0
367108410,2020-01-01T06:55:29,56.81114,-132.96413,0.0,318.7,511.0,ST LAZARIA,,WDI8000,30.0
367108410,2020-01-01T06:58:29,56.81116,-132.96415,0.0,318.7,511.0,ST LAZARIA,,WDI8000,30.0
367108410,2020-01-01T07:01:28,56.81117,-132.96417,0.0,318.7,511.0,ST LAZARIA,,WDI8000,30.0
367108410,2020-01-01T07:04:29,56.81118,-132.96415,0.0,318.7,511.0,ST LAZARIA,,WDI8000,30.0
367108410,2020-01-01T07:07:30,56.81117,-132.96416,0.0,318.7,511.0,ST LAZARIA,,WDI8000,30.0
367108410,2020-01-01T07:10:29,56.81117,-132.96416,0.0,318.7,511.0,ST LAZARIA,,WDI8000,30.0
367108410,2020-01-01T07:13:31,56.81116,-132.96416,0.0,318.7,511.0,ST LAZARIA,,WDI8000,30.0
367108410,2020-01-01T07:16:29,56.81117,-132.96415,0.0,318.7,511.0,ST LAZARIA,,WDI8000,30.0
367108410,2020-01-01T07:19:31,56.81116,-132.96415,0.0,318.7,511.0,ST LAZARIA,,WDI8000,30.0
367108410,2020-01-01T07:22:28,56.81117,-132.96413,0.0,318.7,511.0,ST LAZARIA,,WDI8000,30.0
367108410,2020-01-01T07:25:29,56.81117,-132.96417,0.0,318.7,511.0,ST LAZARIA,,WDI8000,30.0
367108410,2020-01-01T07:28:29,56.81119,-132.96417,0.0,318.7,511.0,ST LAZARIA,,WDI8000,30.0
367108410,2020-01-01T07:31:28,56.81117,-132.96416,0.0,318.7,511.0,ST LAZARIA,,WDI8000,30.0
367108410,2020-01-01T07:34:29,56.81116,-132.96416,0.0,318.7,511.0,ST LAZARIA,,WDI8000,30.0
367108410,2020-01-01T07:37:29,56.81117,-132.96417,0.0,318.7,511.0,ST LAZARIA,,WDI8000,30.0
367108410,2020-01-01T07:40:29,56.81114,-132.96415,0.0,318.7,511.0,ST LAZARIA,,WDI8000,30.0
367108410,2020-01-01T07:43:29,56.81114,-132.96417,0.0,318.7,511.0,ST LAZARIA,,WDI8000,30.0
367108410,2020-01-01T07:46:29,56.81114,-132.96416,0.0,318.7,511.0,ST LAZARIA,,WDI8000,30.0
367108410,2020-01-01T07:49:29,56.81115,-132.96411,0.0,318.7,511.0,ST LAZARIA,,WDI8000,30.0
367108410,2020-01-01T07:55:31,56.81111,-132.96413,0.0,318.7,511.0,ST LAZARIA,,WDI8000,30.0
367108410,2020-01-01T07:58:29,56.81113,-132.96411,0.0,318.7,511.0,ST LAZARIA,,WDI8000,30.0
367108410,2020-01-01T08:01:29,56.81117,-132.96416,0.0,318.7,511.0,ST LAZARIA,,WDI8000,30.0
367108410,2020-01-01T08:04:29,56.81116,-132.96416,0.0,318.7,511.0,ST LAZARIA,,WDI8000,30.0
367108410,2020-01-01T08:07:29,56.81119,-132.96413,0.0,318.7,511.0,ST LAZARIA,,WDI8000,30.0
367108410,2020-01-01T08:10:30,56.81117,-132.96416,0.0,318.7,511.0,ST LAZARIA,,WDI8000,30.0
367108410,2020-01-01T08:13:30,56.81115,-132.96411,0.0,318.7,511.0,ST LAZARIA,,WDI8000,30.0
367108410,2020-01-01T08:16:31,56.81117,-132.96415,0.0,318.7,511.0,ST LAZARIA,,WDI8000,30.0
367108410,2020-01-01T08:19:29,56.81117,-132.96411,0.0,318.7,511.0,ST LAZARIA,,WDI8000,30.0
367108410,2020-01-01T08:22:30,56.81115,-132.96411,0.0,318.7,511.0,ST LAZARIA,,WDI8000,30.0
367108410,2020-01-01T08:25:31,56.81116,-132.96416,0.0,318.7,511.0,ST LAZARIA,,WDI8000,30.0
367108410,2020-01-01T08:28:31,56.81121,-132.96411,0.0,318.7,511.0,ST LAZARIA,,WDI8000,30.0
367108410,2020-01-01T08:31:31,56.81117,-132.96411,0.0,318.7,511.0,ST LAZARIA,,WDI8000,30.0
367108410,2020-01-01T08:34:29,56.81115,-132.96415,0.0,318.7,511.0,ST LAZARIA,,WDI8000,30.0
367108410,2020-01-01T08:37:30,56.81117,-132.96415,0.0,318.7,511.0,ST LAZARIA,,WDI8000,30.0
367108410,2020-01-01T08:40:31,56.81117,-132.96413,0.0,318.7,511.0,ST LAZARIA,,WDI8000,30.0
367108410,2020-01-01T08:43:30,56.81117,-132.96413,0.0,318.7,511.0,ST LAZARIA,,WDI8000,30.0
367108410,2020-01-01T08:46:29,56.81117,-132.96413,0.0,318.7,511.0,ST LAZARIA,,WDI8000,30.0
367108410,2020-01-01T08:49:29,56.81117,-132.96411,0.0,318.7,511.0,ST LAZARIA,,WDI8000,30.0
367108410,2020-01-01T08:52:30,56.81115,-132.96413,0.0,318.7,511.0,ST LAZARIA,,WDI8000,30.0
367108410,2020-01-01T08:55:29,56.81118,-132.96416,0.0,318.7,511.0,ST LAZARIA,,WDI8000,30.0
367108410,2020-01-01T08:58:30,56.81117,-132.96411,0.0,318.7,511.0,ST LAZARIA,,WDI8000,30.0
367108410,2020-01-01T09:01:29,56.81117,-132.96413,0.0,318.7,511.0,ST LAZARIA,,WDI8000,30.0
367108410,2020-01-01T09:04:30,56.81116,-132.96413,0.0,318.7,511.0,ST LAZARIA,,WDI8000,30.0
367108410,2020-01-01T09:07:30,56.81118,-132.96415,0.0,318.7,511.0,ST LAZARIA,,WDI8000,30.0
367108410,2020-01-01T09:10:32,56.8112,-132.96417,0.0,318.7,511.0,ST LAZARIA,,WDI8000,30.0
367108410,2020-01-01T09:13:30,56.81117,-132.96413,0.0,318.7,511.0,ST LAZARIA,,WDI8000,30.0
367108410,2020-01-01T09:16:31,56.81117,-132.96411,0.0,318.7,511.0,ST LAZARIA,,WDI8000,30.0
367108410,2020-01-01T09:19:30,56.81117,-132.96413,0.0,318.7,511.0,ST LAZARIA,,WDI8000,30.0
367108410,2020-01-01T09:22:31,56.81116,-132.96416,0.0,318.7,511.0,ST LAZARIA,,WDI8000,30.0
367108410,2020-01-01T09:25:30,56.81116,-132.96413,0.0,318.7,511.0,ST LAZARIA,,WDI8000,30.0
367108410,2020-01-01T09:28:32,56.81117,-132.96419,0.0,318.7,511.0,ST LAZARIA,,WDI8000,30.0
367108410,2020-01-01T09:31:32,56.81117,-132.96417,0.0,318.7,511.0,ST LAZARIA,,WDI8000,30.0
367108410,2020-01-01T09:34:32,56.81117,-132.96411,0.0,318.7,511.0,ST LAZARIA,,WDI8000,30.0
367108410,2020-01-01T09:37:31,56.81116,-132.96413,0.0,318.7,511.0,ST LAZARIA,,WDI8000,30.0
367108410,2020-01-01T09:40:31,56.81114,-132.96416,0.0,318.7,511.0,ST LAZARIA,,WDI8000,30.0
367108410,2020-01-01T09:43:32,56.81114,-132.96413,0.0,318.7,511.0,ST LAZARIA,,WDI8000,30.0
367108410,2020-01-01T09:46:34,56.81118,-132.96416,0.0,318.7,511.0,ST LAZARIA,,WDI8000,30.0
367108410,2020-01-01T09:49:32,56.81117,-132.96416,0.0,318.7,511.0,ST LAZARIA,,WDI8000,30.0
367108410,2020-01-01T09:52:31,56.81117,-132.96413,0.0,318.7,511.0,ST LAZARIA,,WDI8000,30.0
367108410,2020-01-01T09:55:31,56.81116,-132.96416,0.0,318.7,511.0,ST LAZARIA,,WDI8000,30.0
367108410,2020-01-01T09:58:32,56.81116,-132.96415,0.0,318.7,511.0,ST LAZARIA,,WDI8000,30.0
367108410,2020-01-01T10:01:32,56.81115,-132.96415,0.0,318.7,511.0,ST LAZARIA,,WDI8000,30.0
367108410,2020-01-01T10:04:29,56.81114,-132.96413,0.0,318.7,511.0,ST LAZARIA,,WDI8000,30.0
367108410,2020-01-01T10:07:29,56.81115,-132.96416,0.0,318.7,511.0,ST LAZARIA,,WDI8000,30.0
367108410,2020-01-01T10:10:29,56.81117,-132.96415,0.0,318.7,511.0,ST LAZARIA,,WDI8000,30.0
367108410,2020-01-01T10:13:30,56.81116,-132.96413,0.0,318.7,511.0,ST LAZARIA,,WDI8000,30.0
367108410,2020-01-01T10:16:31,56.81117,-132.96415,0.0,318.7,511.0,ST LAZARIA,,WDI8000,30.0
367108410,2020-01-01T10:19:30,56.81117,-132.96415,0.0,318.7,511.0,ST LAZARIA,,WDI8000,30.0
367108410,2020-01-01T10:22:31,56.81121,-132.96413,0.0,318.7,511.0,ST LAZARIA,,WDI8000,30.0
367108410,2020-01-01T10:25:31,56.8112,-132.96416,0.0,318.7,511.0,ST LAZARIA,,WDI8000,30.0
367108410,2020-01-01T10:28:30,56.81118,-132.96416,0.0,318.7,511.0,ST LAZARIA,,WDI8000,30.0
367108410,2020-01-01T10:31:30,56.81116,-132.96415,0.0,318.7,511.0,ST LAZARIA,,WDI8000,30.0
367108410,2020-01-01T10:34:30,56.81116,-132.96415,0.0,318.7,511.0,ST LAZARIA,,WDI8000,30.0
367108410,2020-01-01T10:37:29,56.81118,-132.96411,0.0,318.7,511.0,ST LAZARIA,,WDI8000,30.0
367108410,2020-01-01T10:40:33,56.81118,-132.96413,0.0,318.7,511.0,ST LAZARIA,,WDI8000,30.0
367108410,2020-01-01T10:43:30,56.81121,-132.96409,0.0,318.7,511.0,ST LAZARIA,,WDI8000,30.0
367108410,2020-01-01T10:46:30,56.81116,-132.96415,0.0,318.7,511.0,ST LAZARIA,,WDI8000,30.0
367108410,2020-01-01T10:49:30,56.81116,-132.96415,0.0,318.7,511.0,ST LAZARIA,,WDI8000,30.0
367108410,2020-01-01T10:52:31,56.81115,-132.96413,0.0,318.7,511.0,ST LAZARIA,,WDI8000,30.0
367108410,2020-01-01T10:55:30,56.81118,-132.96413,0.0,318.7,511.0,ST LAZARIA,,WDI8000,30.0
367108410,2020-01-01T10:58:29,56.81116,-132.96415,0.0,318.7,511.0,ST LAZARIA,,WDI8000,30.0
367108410,2020-01-01T11:01:29,56.81116,-132.96417,0.0,318.7,511.0,ST LAZARIA,,WDI8000,30.0
367108410,2020-01-01T11:04:30,56.81117,-132.96415,0.0,318.7,511.0,ST LAZARIA,,WDI8000,30.0
367108410,2020-01-01T11:07:30,56.81117,-132.96419,0.0,318.7,511.0,ST LAZARIA,,WDI8000,30.0
367108410,2020-01-01T11:10:31,56.81117,-132.96413,0.0,318.7,511.0,ST LAZARIA,,WDI8000,30.0
367108410,2020-01-01T11:13:31,56.81117,-132.96415,0.0,318.7,511.0,ST LAZARIA,,WDI8000,30.0
367108410,2020-01-01T11:16:30,56.81116,-132.96419,0.0,318.7,511.0,ST LAZARIA,,WDI8000,30.0
367108410,2020-01-01T11:19:30,56.81118,-132.96417,0.0,318.7,511.0,ST LAZARIA,,WDI8000,30.0
367108410,2020-01-01T11:22:30,56.81117,-132.96417,0.0,318.7,511.0,ST LAZARIA,,WDI8000,30.0
367108410,2020-01-01T11:25:30,56.81118,-132.96415,0.0,318.7,511.0,ST LAZARIA,,WDI8000,30.0
367108410,2020-01-01T11:28:30,56.81117,-132.96416,0.0,318.7,511.0,ST LAZARIA,,WDI8000,30.0
367108410,2020-01-01T11:31:29,56.81117,-132.96416,0.0,318.7,511.0,ST LAZARIA,,WDI8000,30.0
367108410,2020-01-01T11:34:30,56.81117,-132.96415,0.0,318.7,511.0,ST LAZARIA,,WDI8000,30.0
367108410,2020-01-01T11:37:31,56.81117,-132.96416,0.0,318.7,511.0,ST LAZARIA,,WDI8000,30.0
367108410,2020-01-01T11:40:29,56.81117,-132.96415,0.0,318.7,511.0,ST LAZARIA,,WDI8000,30.0
367108410,2020-01-01T11:43:29,56.81117,-132.96416,0.0,318.7,511.0,ST LAZARIA,,WDI8000,30.0
367108410,2020-01-01T11:46:29,56.81117,-132.96416,0.0,318.7,511.0,ST LAZARIA,,WDI8000,30.0
367108410,2020-01-01T11:49:30,56.81114,-132.96413,0.0,318.7,511.0,ST LAZARIA,,WDI8000,30.0
367108410,2020-01-01T11:52:29,56.81118,-132.96416,0.0,318.7,511.0,ST LAZARIA,,WDI8000,30.0
367108410,2020-01-01T11:55:29,56.81117,-132.96413,0.0,318.7,511.0,ST LAZARIA,,WDI8000,30.0
367108410,2020-01-01T11:58:31,56.81115,-132.96411,0.0,318.7,511.0,ST LAZARIA,,WDI8000,30.0
367108410,2020-01-01T12:01:31,56.81114,-132.96409,0.0,318.7,511.0,ST LAZARIA,,WDI8000,30.0
367108410,2020-01-01T12:04:29,56.81117,-132.96415,0.0,318.7,511.0,ST LAZARIA,,WDI8000,30.0
367108410,2020-01-01T12:07:30,56.81114,-132.96411,0.0,318.7,511.0,ST LAZARIA,,WDI8000,30.0
367108410,2020-01-01T12:10:30,56.81115,-132.96415,0.0,318.7,511.0,ST LAZARIA,,WDI8000,30.0
367108410,2020-01-01T12:13:31,56.81116,-132.96411,0.0,318.7,511.0,ST LAZARIA,,WDI8000,30.0
367108410,2020-01-01T12:16:30,56.81117,-132.96413,0.0,318.7,511.0,ST LAZARIA,,WDI8000,30.0
367108410,2020-01-01T12:19:30,56.81116,-132.96416,0.0,318.7,511.0,ST LAZARIA,,WDI8000,30.0
367108410,2020-01-01T12:22:29,56.81117,-132.96413,0.0,318.7,511.0,ST LAZARIA,,WDI8000,30.0
367108410,2020-01-01T12:25:30,56.81115,-132.96411,0.0,318.7,511.0,ST LAZARIA,,WDI8000,30.0
367108410,2020-01-01T12:28:30,56.81117,-132.96415,0.0,318.7,511.0,ST LAZARIA,,WDI8000,30.0
367108410,2020-01-01T12:31:32,56.81118,-132.96416,0.0,318.7,511.0,ST LAZARIA,,WDI8000,30.0
367108410,2020-01-01T12:34:32,56.81117,-132.96417,0.0,318.7,511.0,ST LAZARIA,,WDI8000,30.0
367108410,2020-01-01T12:37:30,56.81116,-132.96416,0.0,318.7,511.0,ST LAZARIA,,WDI8000,30.0
367108410,2020-01-01T12:40:31,56.81116,-132.96411,0.0,318.7,511.0,ST LAZARIA,,WDI8000,30.0
367108410,2020-01-01T12:43:30,56.81117,-132.96411,0.0,318.7,511.0,ST LAZARIA,,WDI8000,30.0
367108410,2020-01-01T12:46:30,56.81117,-132.96415,0.0,318.7,511.0,ST LAZARIA,,WDI8000,30.0
367108410,2020-01-01T12:49:30,56.81116,-132.96416,0.0,318.7,511.0,ST LAZARIA,,WDI8000,30.0
367108410,2020-01-01T12:52:27,56.81117,-132.96415,0.0,318.7,511.0,ST LAZARIA,,WDI8000,30.0
367108410,2020-01-01T12:55:28,56.81117,-132.96416,0.0,318.7,511.0,ST LAZARIA,,WDI8000,30.0
367108410,2020-01-01T12:58:29,56.81117,-132.96416,0.0,318.7,511.0,ST LAZARIA,,WDI8000,30.0
367108410,2020-01-01T13:01:28,56.81114,-132.96416,0.0,318.7,511.0,ST LAZARIA,,WDI8000,30.0
367108410,2020-01-01T13:04:27,56.81118,-132.96415,0.0,318.7,511.0,ST LAZARIA,,WDI8000,30.0
367108410,2020-01-01T13:07:27,56.81119,-132.96417,0.0,318.7,511.0,ST LAZARIA,,WDI8000,30.0
367108410,2020-01-01T13:10:28,56.81117,-132.96415,0.0,318.7,511.0,ST LAZARIA,,WDI8000,30.0
367108410,2020-01-01T13:13:30,56.81115,-132.96415,0.0,318.7,511.0,ST LAZARIA,,WDI8000,30.0
367108410,2020-01-01T13:16:27,56.81116,-132.96415,0.0,318.7,511.0,ST LAZARIA,,WDI8000,30.0
367108410,2020-01-01T13:19:28,56.81113,-132.96413,0.0,318.7,511.0,ST LAZARIA,,WDI8000,30.0
367108410,2020-01-01T13:22:28,56.81115,-132.96413,0.0,318.7,511.0,ST LAZARIA,,WDI8000,30.0
367108410,2020-01-01T13:25:28,56.81119,-132.96415,0.0,318.7,511.0,ST LAZARIA,,WDI8000,30.0
367108410,2020-01-01T13:28:27,56.81118,-132.96416,0.0,318.7,511.0,ST LAZARIA,,WDI8000,30.0
367108410,2020-01-01T13:31:28,56.81116,-132.96415,0.0,318.7,511.0,ST LAZARIA,,WDI8000,30.0
367108410,2020-01-01T13:34:28,56.81118,-132.96416,0.0,318.7,511.0,ST LAZARIA,,WDI8000,30.0
367108410,2020-01-01T13:37:29,56.81116,-132.96415,0.0,318.7,511.0,ST LAZARIA,,WDI8000,30.0
367108410,2020-01-01T13:40:29,56.81116,-132.96416,0.0,318.7,511.0,ST LAZARIA,,WDI8000,30.0
367108410,2020-01-01T13:43:27,56.81117,-132.96413,0.0,318.7,511.0,ST LAZARIA,,WDI8000,30.0
367108410,2020-01-01T13:46:27,56.81114,-132.96415,0.0,318.7,511.0,ST LAZARIA,,WDI8000,30.0
367108410,2020-01-01T13:49:27,56.81116,-132.96413,0.0,318.7,511.0,ST LAZARIA,,WDI8000,30.0
367108410,2020-01-01T13:55:27,56.81116,-132.96416,0.0,318.7,511.0,ST LAZARIA,,WDI8000,30.0
367108410,2020-01-01T13:58:27,56.81117,-132.96415,0.0,318.7,511.0,ST LAZARIA,,WDI8000,30.0
367108410,2020-01-01T14:01:27,56.81115,-132.96417,0.0,318.7,511.0,ST LAZARIA,,WDI8000,30.0
367108410,2020-01-01T14:04:28,56.81114,-132.96416,0.0,318.7,511.0,ST LAZARIA,,WDI8000,30.0
367108410,2020-01-01T14:07:28,56.81117,-132.96416,0.0,318.7,511.0,ST LAZARIA,,WDI8000,30.0
367108410,2020-01-01T14:10:27,56.81117,-132.96415,0.0,318.7,511.0,ST LAZARIA,,WDI8000,30.0
367108410,2020-01-01T14:13:28,56.81116,-132.96416,0.0,318.7,511.0,ST LAZARIA,,WDI8000,30.0
367108410,2020-01-01T14:16:28,56.81115,-132.96417,0.0,318.7,511.0,ST LAZARIA,,WDI8000,30.0
367108410,2020-01-01T14:19:29,56.81116,-132.96413,0.0,318.7,511.0,ST LAZARIA,,WDI8000,30.0
367108410,2020-01-01T14:22:29,56.81115,-132.96415,0.0,318.7,511.0,ST LAZARIA,,WDI8000,30.0
367108410,2020-01-01T14:25:27,56.81117,-132.96416,0.0,318.7,511.0,ST LAZARIA,,WDI8000,30.0
367108410,2020-01-01T14:28:30,56.81116,-132.96415,0.0,318.7,511.0,ST LAZARIA,,WDI8000,30.0
367108410,2020-01-01T14:31:28,56.81117,-132.96411,0.0,318.7,511.0,ST LAZARIA,,WDI8000,30.0
367108410,2020-01-01T14:34:28,56.81116,-132.96413,0.0,318.7,511.0,ST LAZARIA,,WDI8000,30.0
367108410,2020-01-01T14:37:27,56.81117,-132.96415,0.0,318.7,511.0,ST LAZARIA,,WDI8000,30.0
367108410,2020-01-01T14:40:27,56.81116,-132.96415,0.0,318.7,511.0,ST LAZARIA,,WDI8000,30.0
367108410,2020-01-01T14:43:28,56.81117,-132.96415,0.0,318.7,511.0,ST LAZARIA,,WDI8000,30.0
367108410,2020-01-01T14:46:28,56.81117,-132.96413,0.0,318.7,511.0,ST LAZARIA,,WDI8000,30.0
367108410,2020-01-01T14:49:28,56.81117,-132.96416,0.0,318.7,511.0,ST LAZARIA,,WDI8000,30.0
367108410,2020-01-01T14:52:30,56.81116,-132.96416,0.0,318.7,511.0,ST LAZARIA,,WDI8000,30.0
367108410,2020-01-01T14:55:28,56.81117,-132.96416,0.0,318.7,511.0,ST LAZARIA,,WDI8000,30.0
367108410,2020-01-01T14:58:28,56.81117,-132.96413,0.0,318.7,511.0,ST LAZARIA,,WDI8000,30.0
367108410,2020-01-01T15:01:28,56.81117,-132.96415,0.0,318.7,511.0,ST LAZARIA,,WDI8000,30.0
367108410,2020-01-01T15:04:27,56.81117,-132.96416,0.0,318.7,511.0,ST LAZARIA,,WDI8000,30.0
367108410,2020-01-01T15:07:29,56.81116,-132.96416,0.0,318.7,511.0,ST LAZARIA,,WDI8000,30.0
367108410,2020-01-01T15:10:28,56.81119,-132.96416,0.0,318.7,511.0,ST LAZARIA,,WDI8000,30.0
367108410,2020-01-01T15:13:28,56.81118,-132.96415,0.0,318.7,511.0,ST LAZARIA,,WDI8000,30.0
367108410,2020-01-01T15:16:28,56.81118,-132.96417,0.0,318.7,511.0,ST LAZARIA,,WDI8000,30.0
367108410,2020-01-01T15:19:29,56.81114,-132.96413,0.0,318.7,511.0,ST LAZARIA,,WDI8000,30.0
367108410,2020-01-01T15:22:29,56.81116,-132.96416,0.0,318.7,511.0,ST LAZARIA,,WDI8000,30.0
367108410,2020-01-01T15:25:28,56.81118,-132.96415,0.0,318.7,511.0,ST LAZARIA,,WDI8000,30.0
367108410,2020-01-01T15:28:28,56.81117,-132.96415,0.0,318.7,511.0,ST LAZARIA,,WDI8000,30.0
367108410,2020-01-01T15:31:28,56.81117,-132.96413,0.0,318.7,511.0,ST LAZARIA,,WDI8000,30.0
367108410,2020-01-01T15:34:27,56.81117,-132.96413,0.0,318.7,511.0,ST LAZARIA,,WDI8000,30.0
367108410,2020-01-01T15:37:29,56.81119,-132.96415,0.0,318.7,511.0,ST LAZARIA,,WDI8000,30.0
367108410,2020-01-01T15:40:29,56.81118,-132.96415,0.0,318.7,511.0,ST LAZARIA,,WDI8000,30.0
367108410,2020-01-01T15:43:29,56.81117,-132.96413,0.0,318.7,511.0,ST LAZARIA,,WDI8000,30.0
367108410,2020-01-01T15:46:27,56.81117,-132.96416,0.0,318.7,511.0,ST LAZARIA,,WDI8000,30.0
367108410,2020-01-01T15:49:30,56.81119,-132.96417,0.0,318.7,511.0,ST LAZARIA,,WDI8000,30.0
367108410,2020-01-01T15:52:29,56.81117,-132.96415,0.0,318.7,511.0,ST LAZARIA,,WDI8000,30.0
367108410,2020-01-01T15:55:28,56.81117,-132.96415,0.0,318.7,511.0,ST LAZARIA,,WDI8000,30.0
367108410,2020-01-01T15:58:28,56.81118,-132.96415,0.0,318.7,511.0,ST LAZARIA,,WDI8000,30.0
367108410,2020-01-01T16:01:28,56.81117,-132.96413,0.0,318.7,511.0,ST LAZARIA,,WDI8000,30.0
367108410,2020-01-01T16:04:28,56.81119,-132.96413,0.0,318.7,511.0,ST LAZARIA,,WDI8000,30.0
367108410,2020-01-01T16:10:30,56.81114,-132.96416,0.0,318.7,511.0,ST LAZARIA,,WDI8000,30.0
367108410,2020-01-01T16:13:28,56.81116,-132.96416,0.0,318.7,511.0,ST LAZARIA,,WDI8000,30.0
367108410,2020-01-01T16:16:29,56.81116,-132.96416,0.0,318.7,511.0,ST LAZARIA,,WDI8000,30.0
367108410,2020-01-01T16:19:28,56.81116,-132.96416,0.0,318.7,511.0,ST LAZARIA,,WDI8000,30.0
367108410,2020-01-01T16:22:27,56.81117,-132.96415,0.0,318.7,511.0,ST LAZARIA,,WDI8000,30.0
367108410,2020-01-01T16:25:28,56.81116,-132.96415,0.0,318.7,511.0,ST LAZARIA,,WDI8000,30.0
367108410,2020-01-01T16:28:29,56.81117,-132.96416,0.0,318.7,511.0,ST LAZARIA,,WDI8000,30.0
367108410,2020-01-01T16:31:29,56.81118,-132.96415,0.0,318.7,511.0,ST LAZARIA,,WDI8000,30.0
367108410,2020-01-01T16:34:27,56.81117,-132.96415,0.0,318.7,511.0,ST LAZARIA,,WDI8000,30.0
367108410,2020-01-01T16:37:28,56.81117,-132.96416,0.0,318.7,511.0,ST LAZARIA,,WDI8000,30.0
367108410,2020-01-01T16:40:29,56.81118,-132.96416,0.0,318.7,511.0,ST LAZARIA,,WDI8000,30.0
367108410,2020-01-01T16:43:31,56.81116,-132.96416,0.0,318.7,511.0,ST LAZARIA,,WDI8000,30.0
367108410,2020-01-01T16:46:28,56.81115,-132.96415,0.0,318.7,511.0,ST LAZARIA,,WDI8000,30.0
367108410,2020-01-01T16:49:27,56.81117,-132.96415,0.0,318.7,511.0,ST LAZARIA,,WDI8000,30.0
367108410,2020-01-01T16:52:27,56.81117,-132.96415,0.0,318.7,511.0,ST LAZARIA,,WDI8000,30.0
367108410,2020-01-01T16:55:29,56.81117,-132.96415,0.0,318.7,511.0,ST LAZARIA,,WDI8000,30.0
367108410,2020-01-01T16:58:28,56.81117,-132.96415,0.0,318.7,511.0,ST LAZARIA,,WDI8000,30.0
367108410,2020-01-01T17:01:28,56.81115,-132.96415,0.0,318.7,511.0,ST LAZARIA,,WDI8000,30.0
367108410,2020-01-01T17:04:27,56.81115,-132.96413,0.0,318.7,511.0,ST LAZARIA,,WDI8000,30.0
367108410,2020-01-01T17:07:27,56.81115,-132.96415,0.0,318.7,511.0,ST LAZARIA,,WDI8000,30.0
367108410,2020-01-01T17:10:28,56.81117,-132.96415,0.0,318.7,511.0,ST LAZARIA,,WDI8000,30.0
367108410,2020-01-01T17:13:29,56.81117,-132.96415,0.0,318.7,511.0,ST LAZARIA,,WDI8000,30.0
367108410,2020-01-01T17:16:28,56.81118,-132.96415,0.0,318.7,511.0,ST LAZARIA,,WDI8000,30.0
367108410,2020-01-01T17:19:29,56.81117,-132.96415,0.0,318.7,511.0,ST LAZARIA,,WDI8000,30.0
367108410,2020-01-01T17:22:28,56.81115,-132.96415,0.0,318.7,511.0,ST LAZARIA,,WDI8000,30.0
367108410,2020-01-01T17:25:28,56.81118,-132.96413,0.0,318.7,511.0,ST LAZARIA,,WDI8000,30.0
367108410,2020-01-01T17:28:27,56.81116,-132.96415,0.0,318.7,511.0,ST LAZARIA,,WDI8000,30.0
367108410,2020-01-01T17:31:27,56.81115,-132.96415,0.0,318.7,511.0,ST LAZARIA,,WDI8000,30.0
367108410,2020-01-01T17:34:28,56.81117,-132.96415,0.0,318.7,511.0,ST LAZARIA,,WDI8000,30.0
367108410,2020-01-01T17:37:27,56.81117,-132.96417,0.0,318.7,511.0,ST LAZARIA,,WDI8000,30.0
367108410,2020-01-01T17:40:28,56.81117,-132.96413,0.0,318.7,511.0,ST LAZARIA,,WDI8000,30.0
367108410,2020-01-01T17:43:28,56.81114,-132.96411,0.0,318.7,511.0,ST LAZARIA,,WDI8000,30.0
367108410,2020-01-01T17:46:28,56.81117,-132.96413,0.0,318.7,511.0,ST LAZARIA,,WDI8000,30.0
367108410,2020-01-01T17:49:28,56.81117,-132.96415,0.0,318.7,511.0,ST LAZARIA,,WDI8000,30.0
367108410,2020-01-01T17:52:30,56.81115,-132.96413,0.0,318.7,511.0,ST LAZARIA,,WDI8000,30.0
367108410,2020-01-01T17:55:28,56.81116,-132.96413,0.0,318.7,511.0,ST LAZARIA,,WDI8000,30.0
367108410,2020-01-01T18:01:28,56.81117,-132.96416,0.0,318.7,511.0,ST LAZARIA,,WDI8000,30.0
367108410,2020-01-01T18:04:27,56.81117,-132.96415,0.0,318.7,511.0,ST LAZARIA,,WDI8000,30.0
367108410,2020-01-01T18:07:28,56.81116,-132.96413,0.0,318.7,511.0,ST LAZARIA,,WDI8000,30.0
367108410,2020-01-01T18:10:29,56.81117,-132.96417,0.0,318.7,511.0,ST LAZARIA,,WDI8000,30.0
367108410,2020-01-01T18:13:27,56.81117,-132.96415,0.0,318.7,511.0,ST LAZARIA,,WDI8000,30.0
367108410,2020-01-01T18:16:28,56.81116,-132.96413,0.0,318.7,511.0,ST LAZARIA,,WDI8000,30.0
367108410,2020-01-01T18:19:28,56.81117,-132.96413,0.0,318.7,511.0,ST LAZARIA,,WDI8000,30.0
367108410,2020-01-01T18:22:28,56.81117,-132.96413,0.0,318.7,511.0,ST LAZARIA,,WDI8000,30.0
367108410,2020-01-01T18:25:27,56.81117,-132.96415,0.0,318.7,511.0,ST LAZARIA,,WDI8000,30.0
367108410,2020-01-01T18:28:28,56.81117,-132.96415,0.0,318.7,511.0,ST LAZARIA,,WDI8000,30.0
367108410,2020-01-01T18:31:28,56.81117,-132.96415,0.0,318.7,511.0,ST LAZARIA,,WDI8000,30.0
367108410,2020-01-01T18:34:28,56.81114,-132.96413,0.0,318.7,511.0,ST LAZARIA,,WDI8000,30.0
367108410,2020-01-01T18:37:28,56.81114,-132.96413,0.0,318.7,511.0,ST LAZARIA,,WDI8000,30.0
367108410,2020-01-01T18:40:29,56.81117,-132.96416,0.0,318.7,511.0,ST LAZARIA,,WDI8000,30.0
367108410,2020-01-01T18:43:28,56.81117,-132.96416,0.0,318.7,511.0,ST LAZARIA,,WDI8000,30.0
367108410,2020-01-01T18:46:27,56.81116,-132.96416,0.0,318.7,511.0,ST LAZARIA,,WDI8000,30.0
367108410,2020-01-01T18:49:27,56.81117,-132.96416,0.0,318.7,511.0,ST LAZARIA,,WDI8000,30.0
367108410,2020-01-01T18:52:28,56.81115,-132.96415,0.0,318.7,511.0,ST LAZARIA,,WDI8000,30.0
367108410,2020-01-01T18:55:28,56.81116,-132.96417,0.0,318.7,511.0,ST LAZARIA,,WDI8000,30.0
367108410,2020-01-01T18:58:28,56.81116,-132.96415,0.0,318.7,511.0,ST LAZARIA,,WDI8000,30.0
367108410,2020-01-01T19:01:28,56.81117,-132.96413,0.0,318.7,511.0,ST LAZARIA,,WDI8000,30.0
367108410,2020-01-01T19:04:29,56.81116,-132.96415,0.0,318.7,511.0,ST LAZARIA,,WDI8000,30.0
367108410,2020-01-01T19:07:30,56.81116,-132.96413,0.0,318.7,511.0,ST LAZARIA,,WDI8000,30.0
367108410,2020-01-01T19:10:29,56.81117,-132.96416,0.0,318.7,511.0,ST LAZARIA,,WDI8000,30.0
367108410,2020-01-01T19:13:32,56.81117,-132.96416,0.0,318.7,511.0,ST LAZARIA,,WDI8000,30.0
367108410,2020-01-01T19:16:29,56.81117,-132.96416,0.0,318.7,511.0,ST LAZARIA,,WDI8000,30.0
367108410,2020-01-01T19:19:28,56.81118,-132.96416,0.0,318.7,511.0,ST LAZARIA,,WDI8000,30.0
367108410,2020-01-01T19:22:29,56.81116,-132.96415,0.0,318.7,511.0,ST LAZARIA,,WDI8000,30.0
367108410,2020-01-01T19:25:30,56.81118,-132.96416,0.0,318.7,511.0,ST LAZARIA,,WDI8000,30.0
367108410,2020-01-01T19:28:29,56.81116,-132.96415,0.0,318.7,511.0,ST LAZARIA,,WDI8000,30.0
367108410,2020-01-01T19:31:31,56.81116,-132.96417,0.0,318.7,511.0,ST LAZARIA,,WDI8000,30.0
367108410,2020-01-01T19:34:28,56.81117,-132.96416,0.0,318.7,511.0,ST LAZARIA,,WDI8000,30.0
367108410,2020-01-01T19:37:28,56.81118,-132.96415,0.0,318.7,511.0,ST LAZARIA,,WDI8000,30.0
367108410,2020-01-01T19:40:29,56.81117,-132.96415,0.0,318.7,511.0,ST LAZARIA,,WDI8000,30.0
367108410,2020-01-01T19:43:29,56.81117,-132.96415,0.0,318.7,511.0,ST LAZARIA,,WDI8000,30.0
367108410,2020-01-01T19:46:29,56.81115,-132.96413,0.0,318.7,511.0,ST LAZARIA,,WDI8000,30.0
367108410,2020-01-01T19:49:30,56.81117,-132.96413,0.0,318.7,511.0,ST LAZARIA,,WDI8000,30.0
367108410,2020-01-01T19:55:29,56.81115,-132.96413,0.0,318.7,511.0,ST LAZARIA,,WDI8000,30.0
367108410,2020-01-01T19:58:29,56.81119,-132.96415,0.0,318.7,511.0,ST LAZARIA,,WDI8000,30.0
367108410,2020-01-01T20:01:29,56.81117,-132.96416,0.0,318.7,511.0,ST LAZARIA,,WDI8000,30.0
367108410,2020-01-01T20:04:29,56.81117,-132.96416,0.0,318.7,511.0,ST LAZARIA,,WDI8000,30.0
367108410,2020-01-01T20:07:29,56.81118,-132.96415,0.0,318.7,511.0,ST LAZARIA,,WDI8000,30.0
367108410,2020-01-01T20:10:31,56.81117,-132.96413,0.0,318.7,511.0,ST LAZARIA,,WDI8000,30.0
367108410,2020-01-01T20:13:29,56.81118,-132.96416,0.0,318.7,511.0,ST LAZARIA,,WDI8000,30.0
367108410,2020-01-01T20:16:30,56.81117,-132.96411,0.0,318.7,511.0,ST LAZARIA,,WDI8000,30.0
367108410,2020-01-01T20:19:30,56.81117,-132.96416,0.0,318.7,511.0,ST LAZARIA,,WDI8000,30.0
367108410,2020-01-01T20:22:29,56.81113,-132.96415,0.0,318.7,511.0,ST LAZARIA,,WDI8000,30.0
367108410,2020-01-01T20:25:29,56.81116,-132.96413,0.0,318.7,511.0,ST LAZARIA,,WDI8000,30.0
367108410,2020-01-01T20:28:29,56.81114,-132.96416,0.0,318.7,511.0,ST LAZARIA,,WDI8000,30.0
367108410,2020-01-01T20:31:30,56.81114,-132.96416,0.0,318.7,511.0,ST LAZARIA,,WDI8000,30.0
367108410,2020-01-01T20:34:32,56.81114,-132.96415,0.0,318.7,511.0,ST LAZARIA,,WDI8000,30.0
367108410,2020-01-01T20:37:31,56.81115,-132.96416,0.0,318.7,511.0,ST LAZARIA,,WDI8000,30.0
367108410,2020-01-01T20:40:30,56.81115,-132.96416,0.0,318.7,511.0,ST LAZARIA,,WDI8000,30.0
367108410,2020-01-01T20:43:30,56.81116,-132.96415,0.0,318.7,511.0,ST LAZARIA,,WDI8000,30.0
367108410,2020-01-01T20:46:30,56.81117,-132.96413,0.0,318.7,511.0,ST LAZARIA,,WDI8000,30.0
367108410,2020-01-01T20:49:30,56.81116,-132.96416,0.0,318.7,511.0,ST LAZARIA,,WDI8000,30.0
367108410,2020-01-01T20:52:29,56.81118,-132.96415,0.0,318.7,511.0,ST LAZARIA,,WDI8000,30.0
367108410,2020-01-01T20:55:30,56.81116,-132.96413,0.0,318.7,511.0,ST LAZARIA,,WDI8000,30.0
367108410,2020-01-01T20:58:29,56.81115,-132.96413,0.0,318.7,511.0,ST LAZARIA,,WDI8000,30.0
367108410,2020-01-01T21:01:30,56.81116,-132.96413,0.0,318.7,511.0,ST LAZARIA,,WDI8000,30.0
367108410,2020-01-01T21:04:29,56.81117,-132.96415,0.0,318.7,511.0,ST LAZARIA,,WDI8000,30.0
367108410,2020-01-01T21:07:30,56.81115,-132.96413,0.0,318.7,511.0,ST LAZARIA,,WDI8000,30.0
367108410,2020-01-01T21:10:29,56.81117,-132.96416,0.0,318.7,511.0,ST LAZARIA,,WDI8000,30.0
367108410,2020-01-01T21:13:28,56.81115,-132.96415,0.0,318.7,511.0,ST LAZARIA,,WDI8000,30.0
367108410,2020-01-01T21:16:28,56.81117,-132.96415,0.0,318.7,511.0,ST LAZARIA,,WDI8000,30.0
367108410,2020-01-01T21:19:31,56.81117,-132.96416,0.0,318.7,511.0,ST LAZARIA,,WDI8000,30.0
367108410,2020-01-01T21:22:30,56.81115,-132.96415,0.0,318.7,511.0,ST LAZARIA,,WDI8000,30.0
367108410,2020-01-01T21:25:31,56.81115,-132.96413,0.0,318.7,511.0,ST LAZARIA,,WDI8000,30.0
367108410,2020-01-01T21:28:30,56.81117,-132.96413,0.0,318.7,511.0,ST LAZARIA,,WDI8000,30.0
367108410,2020-01-01T21:31:29,56.81115,-132.96416,0.0,318.7,511.0,ST LAZARIA,,WDI8000,30.0
367108410,2020-01-01T21:34:31,56.81117,-132.96416,0.0,318.7,511.0,ST LAZARIA,,WDI8000,30.0
367108410,2020-01-01T21:37:29,56.81114,-132.96411,0.0,318.7,511.0,ST LAZARIA,,WDI8000,30.0
367108410,2020-01-01T21:40:29,56.81115,-132.96411,0.0,318.7,511.0,ST LAZARIA,,WDI8000,30.0
367108410,2020-01-01T21:43:29,56.81116,-132.96413,0.0,318.7,511.0,ST LAZARIA,,WDI8000,30.0
367108410,2020-01-01T21:49:31,56.81114,-132.96411,0.0,318.7,511.0,ST LAZARIA,,WDI8000,30.0
367108410,2020-01-01T21:52:30,56.81117,-132.96415,0.0,318.7,511.0,ST LAZARIA,,WDI8000,30.0
367108410,2020-01-01T21:55:31,56.81115,-132.96415,0.0,318.7,511.0,ST LAZARIA,,WDI8000,30.0
367108410,2020-01-01T21:58:29,56.81116,-132.96416,0.0,318.7,511.0,ST LAZARIA,,WDI8000,30.0
367108410,2020-01-01T22:01:29,56.81115,-132.96415,0.0,318.7,511.0,ST LAZARIA,,WDI8000,30.0
367108410,2020-01-01T22:04:29,56.81115,-132.96415,0.0,318.7,511.0,ST LAZARIA,,WDI8000,30.0
367108410,2020-01-01T22:07:29,56.81115,-132.96413,0.0,318.7,511.0,ST LAZARIA,,WDI8000,30.0
367108410,2020-01-01T22:10:30,56.81118,-132.96416,0.0,318.7,511.0,ST LAZARIA,,WDI8000,30.0
367108410,2020-01-01T22:13:31,56.81116,-132.96413,0.0,318.7,511.0,ST LAZARIA,,WDI8000,30.0
367108410,2020-01-01T22:16:30,56.81114,-132.96415,0.0,318.7,511.0,ST LAZARIA,,WDI8000,30.0
367108410,2020-01-01T22:19:30,56.81116,-132.96416,0.0,318.7,511.0,ST LAZARIA,,WDI8000,30.0
367108410,2020-01-01T22:22:30,56.81116,-132.96416,0.0,318.7,511.0,ST LAZARIA,,WDI8000,30.0
367108410,2020-01-01T22:25:32,56.81118,-132.96413,0.0,318.7,511.0,ST LAZARIA,,WDI8000,30.0
367108410,2020-01-01T22:28:29,56.81114,-132.96416,0.0,318.7,511.0,ST LAZARIA,,WDI8000,30.0
367108410,2020-01-01T22:31:30,56.81117,-132.96413,0.0,318.7,511.0,ST LAZARIA,,WDI8000,30.0
367108410,2020-01-01T22:34:30,56.81114,-132.96415,0.0,318.7,511.0,ST LAZARIA,,WDI8000,30.0
367108410,2020-01-01T22:37:31,56.81117,-132.96413,0.0,318.7,511.0,ST LAZARIA,,WDI8000,30.0
367108410,2020-01-01T22:40:31,56.81117,-132.96417,0.0,318.7,511.0,ST LAZARIA,,WDI8000,30.0
367108410,2020-01-01T22:43:29,56.8112,-132.96415,0.0,318.7,511.0,ST LAZARIA,,WDI8000,30.0
367108410,2020-01-01T22:46:29,56.81117,-132.96416,0.0,318.7,511.0,ST LAZARIA,,WDI8000,30.0
367108410,2020-01-01T22:49:29,56.81119,-132.96415,0.0,318.7,511.0,ST LAZARIA,,WDI8000,30.0
367108410,2020-01-01T22:52:29,56.81119,-132.96411,0.0,318.7,511.0,ST LAZARIA,,WDI8000,30.0
367108410,2020-01-01T22:55:29,56.81117,-132.96416,0.0,318.7,511.0,ST LAZARIA,,WDI8000,30.0
367108410,2020-01-01T22:58:29,56.81111,-132.96419,0.0,318.7,511.0,ST LAZARIA,,WDI8000,30.0
367108410,2020-01-01T23:01:29,56.81115,-132.96413,0.0,318.7,511.0,ST LAZARIA,,WDI8000,30.0
367108410,2020-01-01T23:04:29,56.81117,-132.96416,0.0,318.7,511.0,ST LAZARIA,,WDI8000,30.0
367108410,2020-01-01T23:07:29,56.81116,-132.96416,0.0,318.7,511.0,ST LAZARIA,,WDI8000,30.0
367108410,2020-01-01T23:10:29,56.81117,-132.96416,0.0,318.7,511.0,ST LAZARIA,,WDI8000,30.0
367108410,2020-01-01T23:13:29,56.81117,-132.96417,0.0,318.7,511.0,ST LAZARIA,,WDI8000,30.0
367108410,2020-01-01T23:16:29,56.81118,-132.96415,0.0,318.7,511.0,ST LAZARIA,,WDI8000,30.0
367108410,2020-01-01T23:19:31,56.81118,-132.96415,0.0,318.7,511.0,ST LAZARIA,,WDI8000,30.0
367108410,2020-01-01T23:22:29,56.81114,-132.96415,0.0,318.7,511.0,ST LAZARIA,,WDI8000,30.0
367108410,2020-01-01T23:25:29,56.81117,-132.96415,0.0,318.7,511.0,ST LAZARIA,,WDI8000,30.0
367108410,2020-01-01T23:28:30,56.81115,-132.96415,0.0,318.7,511.0,ST LAZARIA,,WDI8000,30.0
367108410,2020-01-01T23:31:29,56.81116,-132.96415,0.0,318.7,511.0,ST LAZARIA,,WDI8000,30.0
367108410,2020-01-01T23:34:30,56.81117,-132.96415,0.0,318.7,511.0,ST LAZARIA,,WDI8000,30.0
367108410,2020-01-01T23:37:29,56.81116,-132.96415,0.0,318.7,511.0,ST LAZARIA,,WDI8000,30.0
367108410,2020-01-01T23:40:30,56.81116,-132.96415,0.0,318.7,511.0,ST LAZARIA,,WDI8000,30.0
367108410,2020-01-01T23:43:29,56.81117,-132.96413,0.0,318.7,511.0,ST LAZARIA,,WDI8000,30.0
367108410,2020-01-01T23:46:30,56.81117,-132.96416,0.0,318.7,511.0,ST LAZARIA,,WDI8000,30.0
367108410,2020-01-01T23:49:33,56.81117,-132.96415,0.0,318.7,511.0,ST LAZARIA,,WDI8000,30.0
367108410,2020-01-01T23:52:29,56.81115,-132.96416,0.0,318.7,511.0,ST LAZARIA,,WDI8000,30.0
367108410,2020-01-01T23:55:30,56.81117,-132.96413,0.0,318.7,511.0,ST LAZARIA,,WDI8000,30.0
367108410,2020-01-01T23:58:30,56.81117,-132.96413,0.0,318.7,511.0,ST LAZARIA,,WDI8000,30.0
